170.177 0.00717425 1002.27 80.7692 167.011 98.1396 72.9028 0.428394 1.91196 0.0821785 0.175156 0.0583853 48.322 1.13601 2.35092 0.127901 0.264685 0.0172959 
285.978 0.00592867 918.75 129.706 292.006 102.108 335.591 1.17349 0.502611 0.374826 1.27577 0.425256 47.9073 1.6688 3.48339 0.195261 0.407581 0.032864 
306.892 0.00574074 1002.27 125.284 310.272 101.101 278.224 0.906584 0.626092 0.295221 0.700221 0.233407 48.1557 1.39425 2.89529 0.162969 0.338421 0.0265527 
142.497 0.00703231 151.027 132.036 6.42423 4.50834 2.27155 0.015941 62.6009 0.0113933 0.0175045 0.00583482 48.9571 0.910088 1.85895 0.113516 0.231869 0.00778639 
283.402 0.00598186 1002.27 119.837 294.839 104.035 180.404 0.636564 0.926655 0.224587 0.500108 0.166703 47.2257 1.05086 2.22519 0.130566 0.276472 0.0131469 
200.65 0.00698762 1002.27 117.287 231.478 115.364 74.4425 0.371007 1.92243 0.0279803 0.105024 0.0350081 47.7918 3.9666 8.29975 0.256563 0.536834 0.0173281 
202.261 0.0062585 787.5 143.182 176.484 87.2552 60.0397 0.296842 2.66128 0.0355072 0.107246 0.0357488 48.4648 0.95862 1.97797 0.146562 0.30241 0.00438398 
152.267 0.00701058 334.091 129.706 55.0064 36.1249 19.9768 0.131196 7.14035 0.021186 0.0769811 0.0256604 45.0403 0.587684 1.30479 0.10432 0.231613 0.00842247 
202.182 0.00758503 1002.27 84.1603 243.529 120.45 106.599 0.527243 1.23677 0.135277 0.384454 0.128151 48.5705 2.12568 4.37649 0.208115 0.42848 0.0384501 
365.645 0.00529316 1002.27 93.8298 348.285 95.2521 366.132 1.00133 0.515996 0.376475 1.09884 0.366279 49.1858 0.89939 1.82856 0.105612 0.214721 0.0088953 
211.698 0.00618292 1002.27 140.446 212.623 100.437 62.6974 0.296165 2.57963 0.0385419 0.0451382 0.0150461 44.8064 1.17382 2.61976 0.223915 0.499739 0.00769874 
242.111 0.00642782 918.75 133.636 265.415 109.625 168.27 0.695011 0.924548 0.0932609 0.375027 0.125009 47.312 1.43157 3.02581 0.149771 0.31656 0.0118781 
157.524 0.00715316 400.909 93.038 78.1025 49.5814 34.4009 0.218385 4.06379 0.0427501 0.164841 0.0549472 46.2685 3.89442 8.41701 0.323748 0.699716 0.0314092 
154.1 0.00682006 334.091 90 42.9664 27.8822 22.8263 0.148127 6.42355 0.102184 0.204271 0.0680903 44.3373 2.23183 5.03377 0.164953 0.37204 0.0223036 
154.259 0.00682714 324.265 137.812 49.0996 31.8294 32.1231 0.208242 4.55978 0.0317379 0.176337 0.0587789 44.3231 0.888424 2.00443 0.129373 0.291886 0.00204314 
133.785 0.00747887 138.679 128.198 3.15172 2.35581 1.68133 0.0125674 79.5263 0.00831627 0.0181918 0.00606395 45.147 0.975886 2.16158 0.171692 0.380297 0.0261591 
188.02 0.0065941 760.345 119.189 155.554 82.7329 100.231 0.533086 1.51301 0.153307 0.374564 0.124855 44.0643 1.73613 3.93998 0.23947 0.543456 0.0152965 
