257.286 0.00460675 1002.27 101.613 178.153 69.2433 62.2993 0.24214 3.48435 0.146881 0.348034 0.116011 35.3625 2.75807 7.79942 0.675713 1.91082 0.0831121 
358.545 0.00374562 1002.27 200.455 258.874 72.2013 70.6364 0.197009 3.77962 0.0371308 0.105338 0.0351128 36.0816 2.98748 8.27979 0.286481 0.793981 0.0258015 
317.502 0.0038282 1050 190.086 209.12 65.8641 89.3269 0.281342 2.92431 0.0836376 0.187326 0.0624419 33.4669 2.23814 6.68761 0.276771 0.826999 0.0283732 
270.6 0.00457143 918.75 179.268 192.633 71.1874 78.9157 0.291632 2.77194 0.0420274 0.140415 0.046805 37.7794 4.57567 12.1116 0.718256 1.90119 0.0836741 
303.541 0.00465306 1102.5 94.6352 248.27 81.7914 184.376 0.607416 1.16562 0.182527 0.435598 0.145199 37.8393 2.09073 5.52528 0.369391 0.976211 0.0450972 
315.787 0.00400713 882 200.455 219.996 69.6658 150.712 0.477258 1.65584 0.0378011 0.26408 0.0880266 37.9283 3.36245 8.86528 0.626314 1.65131 0.102941 
310.013 0.00414512 918.75 183.75 214.757 69.2736 133.449 0.430465 1.80778 0.201512 0.370308 0.123436 37.4118 2.91959 7.80393 0.626058 1.67342 0.0770913 
324.499 0.00365403 816.667 222.727 177.168 54.5976 90.174 0.277887 3.03491 0.0640426 0.231678 0.0772262 33.2107 3.04945 9.18212 0.62321 1.87653 0.0343236 
295.107 0.0047808 1050 86.4706 260.888 88.4047 92.5885 0.313746 2.25914 0.108237 0.396263 0.132088 36.4774 3.1619 8.66812 0.494282 1.35504 0.0457956 
298.442 0.0046901 882 111.364 237.313 79.5171 244.583 0.819531 0.871751 0.175262 0.875101 0.2917 39.1758 4.37712 11.173 0.80961 2.06661 0.0193744 
186.833 0.00544596 220.5 125.284 21.7757 11.6552 12.5752 0.0673073 14.6019 0.023109 0.0766135 0.0255378 38.7824 2.04027 5.26082 0.284939 0.734711 0.0205507 
215.589 0.00488001 612.5 86.1328 63.2362 29.3318 26.6165 0.123459 7.69891 0.0792044 0.191523 0.0638411 36.0903 2.79871 7.75475 0.38346 1.0625 0.0378774 
216.272 0.00463341 245 202.294 10.1923 4.71274 6.859 0.0317146 31.4658 0.015416 0.0371941 0.012398 32.9948 2.56393 7.77069 0.584972 1.77292 0.123173 
229.798 0.00463719 501.136 198.649 81.927 35.6518 30.4543 0.132527 7.08104 0.0271394 0.0948655 0.0316218 34.4579 1.46761 4.25914 0.384593 1.11612 0.00480441 
270.522 0.00452003 958.696 190.086 208.104 76.9269 75.9743 0.280844 2.912 0.0331104 0.120401 0.0401338 37.2728 2.48943 6.67897 0.534309 1.43351 0.0104888 
208.35 0.00514216 232.105 83.8403 36.583 17.5585 26.7646 0.12846 7.26596 0.260862 0.540397 0.180132 30.9313 2.00858 6.49369 0.561875 1.81653 0.0700204 
278.631 0.00391318 711.29 220.5 122.06 43.8072 46.1929 0.165785 5.53216 0.0333775 0.0956126 0.0318709 33.739 4.14817 12.2949 0.719373 2.13217 0.0235856 
357.653 0.00393603 958.696 195.133 274.784 76.8298 137.588 0.384697 1.84655 0.17191 0.315842 0.105281 36.7826 3.74031 10.1687 0.547702 1.48902 0.0868954 
210.983 0.0047619 250.568 190.086 14.9684 7.09462 4.30804 0.0204189 48.7461 0.0087619 0.0147186 0.0049062 35.8153 2.10144 5.86742 0.396611 1.10738 0.0453852 
188.429 0.00531025 196.875 180.738 4.63322 2.45887 2.8899 0.0153368 65.1631 0.0126886 0.0189786 0.0063262 37.2919 3.62508 9.72082 0.628009 1.68403 0.0492399 
191.327 0.00564007 220.5 80.4745 37.2142 19.4506 14.0026 0.0731866 12.6622 0.0376775 0.146524 0.0488412 35.2511 1.64392 4.66344 0.196516 0.557474 0.0292714 
328.722 0.00418834 1002.27 188.462 253.475 77.1092 154.546 0.470143 1.54489 0.159422 0.321953 0.107318 38.3743 2.82106 7.35145 0.465826 1.2139 0.0536811 
