344.672 0.00358277 459.375 84.1603 96.5375 28.0085 42.6256 0.12367 6.54803 0.0726944 0.281294 0.0937647 43.6537 4.08432 9.35618 0.380691 0.872071 0.0326366 
204.073 0.00491663 227.32 185.294 11.7812 5.77302 5.27173 0.0258325 38.5815 0.01561 0.0295171 0.00983903 42.0179 3.72285 8.86016 0.482837 1.14912 0.103653 
234.214 0.0043829 334.091 200.455 41.3244 17.6439 11.1664 0.047676 20.4327 0.00972653 0.0146588 0.00488626 41.8901 2.72041 6.49416 0.348344 0.831566 0.0636453 
228.456 0.00439909 279.114 204.167 17.2244 7.53949 10.2836 0.0450135 22.1051 0.0247423 0.0515464 0.0171821 36.3732 2.50938 6.89897 0.433258 1.19115 0.0624112 
274.304 0.00414512 1050 179.268 164.214 59.8657 45.903 0.167343 5.25559 0.026675 0.0775378 0.0258459 41.3581 4.42261 10.6934 0.387505 0.936951 0.0328919 
279.858 0.00417234 882 210 181.739 64.9397 63.7885 0.227932 3.75732 0.0342391 0.102174 0.034058 42.0207 2.68887 6.39891 0.388475 0.924484 0.0831611 
255.778 0.00472411 882 182.231 189.246 73.9883 69.2239 0.270641 3.05791 0.03936 0.1296 0.0432 43.9589 3.32513 7.56416 0.629517 1.43206 0.0299298 
281.621 0.00442933 1050 195.133 232.132 82.4271 82.2486 0.292054 2.74495 0.0343003 0.103413 0.034471 40.6327 3.9788 9.79212 0.555062 1.36605 0.0423647 
211.322 0.0051596 537.805 177.823 94.3475 44.6463 32.054 0.151683 6.04647 0.020314 0.0799066 0.0266355 40.3934 2.0649 5.11197 0.320782 0.794144 0.0353548 
189.506 0.00582389 386.842 87.5 65.9516 34.8019 34.4443 0.181759 4.98505 0.153796 0.408825 0.136275 44.4677 3.81526 8.57984 0.596683 1.34183 0.0510057 
218.966 0.00462701 275.625 186.864 25.9075 11.8317 8.50968 0.038863 25.3972 0.0173066 0.0373515 0.0124505 43.2796 3.65761 8.45111 0.313898 0.725279 0.0412546 
202.666 0.00493919 214.078 193.421 6.4727 3.19378 4.94701 0.0244097 40.9262 0.0160029 0.0387683 0.0129228 41.1015 1.83802 4.47191 0.403741 0.982302 0.0330447 
201.884 0.00496221 222.727 186.864 8.64473 4.28204 3.93519 0.0194924 51.2105 0.0102818 0.0164509 0.00548363 41.0405 1.94856 4.7479 0.31806 0.774991 0.0220386 
205.887 0.00491308 232.105 140.446 19.0363 9.24597 10.6499 0.051727 19.1117 0.0228252 0.0710059 0.0236686 41.945 2.70021 6.43751 0.346632 0.826397 0.0298058 
250.599 0.00399741 265.663 232.105 10.4189 4.1576 4.71857 0.0188292 53.0165 0.00453809 0.0245813 0.00819377 39.9239 2.07088 5.18705 0.382979 0.959271 0.0248682 
208.578 0.00485909 250.568 185.294 24.9453 11.9597 6.02513 0.0288866 34.157 0.0125067 0.0186667 0.00622222 44.3695 1.98989 4.48481 0.25572 0.576341 0.00749757 
210.409 0.0049625 537.805 177.823 66.5009 31.6055 17.4547 0.0829561 11.5448 0.0162007 0.0403632 0.0134544 41.0357 2.76913 6.74811 0.366473 0.89306 0.0439713 
198.14 0.00508761 227.32 177.823 17.946 9.05725 5.62254 0.0283766 34.9586 0.0140079 0.0277328 0.00924425 43.7038 1.91973 4.39259 0.387708 0.887126 0.0366876 
276.154 0.0040293 595.946 183.75 107.266 38.8426 85.0763 0.308076 2.91717 0.164829 0.412357 0.137452 41.3157 3.57944 8.66363 0.392139 0.949128 0.111731 
