141.839 0.00726919 206.075 86.1328 24.0241 16.9375 18.5099 0.130499 7.43208 0.0451693 0.22044 0.0734799 38.4067 2.24457 5.84421 0.360044 0.937452 0.0610079 
355.441 0.00555933 1102.5 117.914 374.779 105.44 411.118 1.15664 0.437532 0.351394 0.989531 0.329844 39.4816 2.50813 6.35266 0.420546 1.06517 0.0516311 
147.787 0.00696145 239.674 122.5 28.1098 19.0205 15.8993 0.107582 9.03489 0.0200326 0.108578 0.0361925 40.4635 1.34327 3.31971 0.171452 0.423719 0.0215216 
131.937 0.0077381 151.027 91.1157 17.814 13.5018 6.48991 0.0491894 19.9126 0.0354579 0.0937729 0.0312576 38.1507 2.63712 6.91239 0.23941 0.627538 0.02451 
187.884 0.00744176 816.667 111.929 199.125 105.983 70.4738 0.375092 1.90676 0.0299486 0.10157 0.0338566 38.0358 2.03423 5.3482 0.303524 0.797997 0.00680297 
453.391 0.00510727 1102.5 108.088 414.011 91.3143 499.009 1.10062 0.392376 0.534957 1.33277 0.444258 40.1367 2.84768 7.09495 0.354997 0.884469 0.0624033 
291.754 0.00553893 1102.5 109.158 269.847 92.4914 235.785 0.808163 0.765701 0.343291 0.852158 0.284053 38.91 2.62129 6.7368 0.470677 1.20965 0.0814438 
162.632 0.00840892 735 107.039 172.605 106.132 58.5828 0.360218 2.02997 0.0227865 0.117573 0.039191 40.2611 2.24579 5.57806 0.43982 1.09242 0.0327371 
260.516 0.00666254 1002.27 110.25 275.629 105.801 261.164 1.00249 0.574707 0.270527 0.822882 0.274294 41.6566 3.25478 7.81337 0.455498 1.09346 0.0301823 
244.408 0.00722135 1002.27 82.5843 271.088 110.916 190.402 0.779032 0.727294 0.29603 0.666889 0.222296 39.4427 1.57636 3.99658 0.258947 0.656515 0.0240143 
324.984 0.00635928 1102.5 93.4322 311.149 95.7427 275.617 0.848094 0.570539 0.392133 1.02026 0.340085 41.0096 3.92935 9.58154 0.47663 1.16224 0.0236925 
318.464 0.00666667 1102.5 95.4545 365.151 114.66 228.087 0.716211 0.657642 0.219913 0.687075 0.229025 42.7369 5.49755 12.8637 0.437805 1.02442 0.0612502 
410.305 0.00621727 1050 84.4828 399.265 97.3094 494.07 1.20415 0.325545 0.546457 1.4443 0.481432 40.8174 1.96136 4.8052 0.234113 0.573562 0.0382149 
204.791 0.00647014 711.29 87.5 167.375 81.7299 93.842 0.458233 1.64698 0.112332 0.33729 0.11243 37.479 3.24453 8.65692 0.296332 0.790662 0.0639065 
291.197 0.00597632 1102.5 110.25 283.849 97.4765 218.883 0.751665 0.76446 0.22874 0.600917 0.200306 39.8014 4.92607 12.3766 0.549913 1.38164 0.061017 
152.465 0.00782107 760.345 111.364 132.888 87.1596 65.4315 0.429159 1.9541 0.0408481 0.179758 0.0599192 36.3853 1.86082 5.11421 0.282761 0.777128 0.0224146 
156.186 0.0077551 416.038 91.1157 95.2276 60.9706 47.3248 0.303003 2.72473 0.0661468 0.237108 0.079036 36.6972 2.64259 7.20106 0.373986 1.01911 0.0284521 
314.663 0.00622071 1102.5 86.1328 303.977 96.6041 247.912 0.787866 0.648428 0.392015 0.907199 0.3024 39.3971 3.80662 9.6622 0.487872 1.23835 0.0637581 
