483.872 0.0047619 1102.5 122.5 449.539 92.9045 366.834 0.758122 0.572466 0.551837 1.02434 0.341446 40.8419 2.41732 5.91871 0.409132 1.00174 0.0656143 
416.012 0.00592593 1002.27 83.8403 411.347 98.8787 316.194 0.760061 0.533691 0.505282 1.07546 0.358485 42.6952 1.71536 4.01769 0.25626 0.600206 0.0410352 
163.43 0.00666415 275.625 94.2308 52.2327 31.9604 51.3006 0.3139 2.92505 0.19259 0.458507 0.152836 42.7917 1.87807 4.38886 0.147038 0.343614 0.00824691 
299.651 0.00628658 1102.5 86.1328 305.999 102.118 214.649 0.716328 0.741067 0.232206 0.556618 0.185539 41.5826 2.78557 6.69888 0.206285 0.496085 0.0209326 
345.722 0.00571712 1102.5 108.621 323.449 93.5574 377.703 1.0925 0.463097 0.424922 1.38877 0.462922 39.0188 2.8999 7.43206 0.312355 0.800524 0.0136568 
262.422 0.00692744 816.667 104.009 264.941 100.96 169.122 0.644466 0.853546 0.246645 0.6527 0.217567 38.9215 2.53359 6.50948 0.372537 0.95715 0.0113669 
375.671 0.00630798 1102.5 94.2308 414.66 110.378 467.398 1.24417 0.339174 0.369542 1.06006 0.353353 37.5931 2.56886 6.83332 0.395828 1.05293 0.00948608 
118.63 0.0088511 234.574 103.037 35.2396 29.7054 26.1769 0.22066 4.31602 0.129889 0.260803 0.0869342 40.23 2.10743 5.23847 0.249366 0.61985 0.0223885 
327.2 0.00648526 1002.27 86.1328 326.561 99.8046 330.114 1.00891 0.467098 0.460769 1.1459 0.381967 40.755 1.0973 2.69244 0.212291 0.520896 0.0185764 
430.696 0.00575139 1050 106.522 410.347 95.2752 517.087 1.20058 0.336251 0.720942 1.9354 0.645135 40.2695 1.85552 4.60777 0.378299 0.93942 0.0250393 
215.313 0.00751598 816.667 81.9703 220.417 102.37 192.34 0.893305 0.691742 0.279288 0.67715 0.225717 39.7431 1.43662 3.61477 0.371132 0.933828 0.00504055 
425.925 0.00425067 1002.27 108.621 334.866 78.6209 323.212 0.758849 0.727871 0.531024 1.47591 0.491971 41.0544 1.22847 2.99228 0.216918 0.528366 0.0431495 
275.821 0.00702612 882 81.6667 294.052 106.61 220.969 0.801132 0.6441 0.307917 0.798059 0.26602 39.6181 2.21306 5.58598 0.305345 0.77072 0.0407038 
171.732 0.00726002 501.136 101.613 111.841 65.1252 108.067 0.62928 1.27458 0.127277 0.645914 0.215305 39.876 3.27066 8.20207 0.281675 0.706376 0.0589723 
250.864 0.00688435 816.667 102.558 245.617 97.9086 208.177 0.829841 0.697757 0.300994 0.737306 0.245769 42.5542 1.07798 2.5332 0.19002 0.446537 0.0150418 
