237.32 0.00519941 787.5 146.026 161.729 68.1481 80.2377 0.3381 2.397 0.0850772 0.216898 0.0722992 42.8375 6.00037 14.0073 0.720826 1.6827 0.102707 
238.486 0.00604384 882 121.154 218.598 91.6608 107.996 0.45284 1.53207 0.119514 0.270712 0.0902374 42.8485 4.52645 10.5639 0.438896 1.0243 0.0425251 
215.054 0.00498614 450 148.986 69.0437 32.1053 23.8154 0.110741 8.42128 0.0396304 0.0960712 0.0320237 41.5544 5.92069 14.2481 0.359514 0.865165 0.061548 
179.744 0.00557823 193.421 164.552 9.16874 5.10099 5.02222 0.0279409 35.695 0.00995935 0.0211382 0.00704607 35.552 2.51456 7.07292 0.453706 1.27618 0.0534204 
240.535 0.0057099 1102.5 124.576 234.222 97.3756 117.732 0.489457 1.48757 0.162323 0.301819 0.100606 40.1718 4.99593 12.4364 0.648773 1.61499 0.0677622 
294.828 0.00571777 1102.5 113.077 296.272 100.49 253.336 0.859268 0.69036 0.298231 0.744134 0.248045 42.3054 4.11704 9.7317 0.869438 2.05515 0.0380982 
344.424 0.00489148 1102.5 156.383 344.61 100.054 144.933 0.420797 1.41057 0.220106 0.327594 0.109198 43.533 4.49035 10.3148 0.720827 1.65582 0.0945454 
208.183 0.00591459 735 138.679 159.941 76.8271 103.538 0.497339 1.63297 0.0517572 0.230799 0.0769329 41.5462 4.67183 11.2449 0.780688 1.87908 0.0875257 
279.267 0.00471429 918.75 172.266 221.915 79.4636 101.513 0.3635 2.08959 0.138889 0.25012 0.0833734 40.009 3.91557 9.78673 0.545299 1.36294 0.0583296 
185.907 0.0062585 1102.5 140.446 165.019 88.7645 65.2152 0.350795 2.45008 0.0656832 0.149517 0.049839 40.0378 4.02996 10.0654 0.827955 2.06793 0.0734682 
142.118 0.00705971 167.045 134.451 8.58956 6.04398 7.17226 0.0504671 19.7495 0.0335653 0.0937901 0.0312634 41.7872 2.88784 6.91084 0.608921 1.4572 0.115828 
