325.537 0.00372127 1050 148.986 201.858 62.0077 133.045 0.408694 2.01981 0.212129 0.461368 0.153789 50.1384 4.42546 8.82649 0.340243 0.678607 0.0506324 
280.187 0.00421517 1002.27 110.804 179.479 64.057 112.038 0.399869 2.11748 0.207651 0.500299 0.166766 50.4129 2.57705 5.11189 0.305869 0.606727 0.0356405 
297.045 0.00367141 416.038 109.158 73.1599 24.6292 20.0213 0.0674017 13.6042 0.0896251 0.263111 0.0877035 47.5355 2.66064 5.59716 0.229982 0.483813 0.0514321 
262.462 0.00395398 459.375 193.421 55.1814 21.0245 15.4034 0.0586882 16.4191 0.0166562 0.0412914 0.0137638 50.2681 4.04196 8.0408 0.339982 0.676338 0.0502278 
373.443 0.00337415 1050 165.789 237.762 63.6677 156.248 0.418398 1.8968 0.156403 0.477667 0.159222 48.8942 4.72104 9.65562 0.487711 0.997481 0.0671438 
230.734 0.00459184 344.531 109.701 49.744 21.559 34.4937 0.149496 6.31355 0.152099 0.368959 0.122986 49.3244 2.48381 5.03567 0.338449 0.68617 0.0250202 
267.542 0.00391837 367.5 155.282 56.3222 21.0518 25.6617 0.0959167 9.94511 0.026936 0.0863604 0.0287868 46.8505 3.56094 7.60065 0.378599 0.808101 0.0312487 
220.098 0.0045994 259.412 160.949 22.635 10.2841 16.501 0.0749712 13.1762 0.0182416 0.0857847 0.0285949 49.1571 5.65702 11.508 0.634221 1.29019 0.0317877 
292.578 0.00377751 816.667 200.455 138.152 47.2189 51.9872 0.177687 5.09211 0.0424815 0.112053 0.0373509 52.3816 3.23513 6.17607 0.469711 0.89671 0.0367081 
295.605 0.0041847 1002.27 185.294 224.768 76.0367 82.4138 0.278797 2.89958 0.0291063 0.104762 0.0349206 48.5694 2.18623 4.50126 0.272458 0.560966 0.0306972 
234.009 0.00430461 262.5 198.649 19.6558 8.39957 8.29202 0.0354346 28.016 0.0200176 0.0442493 0.0147498 50.3276 3.04817 6.05665 0.502017 0.997498 0.0502369 
255.694 0.00421356 501.136 155.282 83.9946 32.8496 68.3311 0.267238 3.47322 0.15007 0.343227 0.114409 51.0152 2.18056 4.27434 0.375164 0.735398 0.02885 
270.84 0.00399849 565.385 167.045 94.9986 35.0755 60.7417 0.224271 4.11735 0.0615312 0.299433 0.099811 51.3967 4.91043 9.55398 0.610833 1.18847 0.0434299 
239.06 0.00429705 334.091 198.649 41.8367 17.5005 17.0329 0.0712493 13.6628 0.0205805 0.028496 0.00949868 44.9111 1.83478 4.08536 0.316641 0.705041 0.0307044 
334.881 0.003613 1102.5 210 234.414 69.9993 81.8991 0.244562 3.3795 0.0335774 0.0878661 0.0292887 44.7949 2.66202 5.94268 0.368733 0.823157 0.032157 
235.407 0.0042865 286.364 202.294 22.6122 9.60558 7.49623 0.0318437 31.1211 0.0143889 0.024295 0.00809833 48.2064 2.98615 6.19451 0.407905 0.846162 0.03848 
291.674 0.00394755 816.667 200.455 151.486 51.9367 62.0456 0.212722 4.08283 0.0740102 0.132391 0.0441305 49.7489 4.33046 8.70462 0.384433 0.772747 0.0769138 
225.829 0.00443398 237.097 206.075 8.06184 3.56988 5.29504 0.0234471 42.5929 0.0143194 0.0251055 0.0083685 49.7028 1.76228 3.54564 0.245494 0.493925 0.0237819 
203.88 0.00495087 259.412 183.75 20.8731 10.2379 10.2193 0.0501238 19.7651 0.0146565 0.0375573 0.0125191 48.8768 2.36228 4.83312 0.274354 0.561317 0.0220415 
265.786 0.00445351 1002.27 200.455 197.058 74.1417 62.9699 0.23692 3.56586 0.0386965 0.122983 0.0409943 47.7813 3.89309 8.14773 0.459906 0.962524 0.109805 
230.486 0.00437966 247.753 165.789 19.7592 8.57283 10.1696 0.0441223 22.4521 0.0178107 0.0569527 0.0189842 48.135 3.89524 8.09232 0.512264 1.06422 0.0608738 
212.966 0.00470522 232.105 200.455 9.75009 4.57824 3.92867 0.0184474 54.0972 0.00650602 0.0173494 0.00578313 51.7063 1.26821 2.45272 0.16105 0.311471 0.00688711 
227.122 0.00450038 334.091 140.446 33.0662 14.5588 11.2525 0.0495437 19.7471 0.0155035 0.040309 0.0134363 47.7326 2.73824 5.73662 0.341552 0.715554 0.0359334 
208.232 0.00494331 373.729 183.75 46.096 22.1369 30.5041 0.146491 6.63168 0.0680734 0.184251 0.0614169 48.3164 2.80422 5.80386 0.315122 0.652204 0.0413298 
215.376 0.00465986 232.105 198.649 12.9583 6.01662 3.88061 0.0180179 55.3002 0.0119221 0.0233577 0.00778589 51.3728 1.90859 3.71518 0.266805 0.51935 0.0348744 
288.333 0.00431664 1002.27 191.739 226.621 78.5968 81.9249 0.284133 2.82773 0.0348206 0.0945559 0.0315186 52.6128 1.31568 2.50067 0.174587 0.331834 0.00357761 
