368.124 0.00403628 1050 111.364 296.701 80.5983 191.457 0.520089 1.29404 0.302247 0.719101 0.2397 39.877 3.24613 8.14035 0.28717 0.720138 0.0443958 
422.563 0.00366497 1102.5 204.167 356.794 84.4358 142.509 0.337248 1.91465 0.208095 0.428682 0.142894 44.525 2.31556 5.20059 0.342801 0.769907 0.0622848 
267.918 0.00407659 735 212.019 118.379 44.1849 38.2466 0.142755 6.41372 0.019389 0.0632726 0.0210909 41.8093 2.21636 5.30111 0.204254 0.488536 0.0183736 
239.578 0.00425737 286.364 186.864 32.8333 13.7046 6.38161 0.0266369 36.8068 0.0144874 0.0237259 0.00790865 40.8163 2.97751 7.2949 0.269647 0.660635 0.0467174 
476.696 0.00316327 1050 200.455 315.266 66.1357 242.526 0.508764 1.30349 0.38853 0.708244 0.236081 42.2339 2.06183 4.88193 0.38591 0.913745 0.011174 
261.563 0.00458874 848.077 198.649 185.502 70.9207 67.0223 0.256238 3.25152 0.0324734 0.103225 0.0344082 42.312 2.31542 5.47224 0.368615 0.871184 0.0131266 
320.472 0.00374673 882 227.32 195.448 60.9874 57.7458 0.180189 4.62198 0.0621353 0.147452 0.0491507 39.6047 2.89567 7.31143 0.340123 0.858795 0.0411369 
216.78 0.00476457 424.038 193.421 52.4992 24.2178 16.5378 0.0762884 12.6911 0.0155224 0.043785 0.014595 41.9541 1.35248 3.22371 0.146532 0.349267 0.0181101 
217.72 0.00462207 265.663 200.455 18.1955 8.35728 6.64169 0.0305056 32.575 0.0127555 0.0264922 0.00883074 41.0339 3.29629 8.03308 0.327998 0.799335 0.0640261 
213.479 0.00499278 432.353 155.282 70.8936 33.2087 35.0713 0.164285 5.71091 0.0999174 0.180659 0.0602196 42.494 2.66098 6.262 0.472045 1.11085 0.0113022 
271.781 0.00446305 1002.27 196.875 211.093 77.6702 85.9095 0.316098 2.60812 0.0982476 0.197189 0.0657296 39.0583 3.30651 8.46559 0.443121 1.13451 0.049178 
191.386 0.00538171 206.075 100.685 24.648 12.8786 16.4271 0.0858321 11.3115 0.138815 0.291054 0.0970182 40.8881 2.48686 6.08211 0.26411 0.645934 0.0504988 
204.423 0.00491663 242.308 190.086 15.0434 7.35898 4.31287 0.0210978 47.1592 0.0141909 0.0258275 0.00860915 42.2835 2.72007 6.43293 0.342874 0.810893 0.0506492 
338.878 0.00456306 918.75 99.7738 269.154 79.4249 236.573 0.698105 0.926359 0.428695 1.14839 0.382796 42.4682 2.18519 5.14546 0.332171 0.782163 0.0608289 
264.87 0.0047784 816.667 91.875 178.617 67.436 86.773 0.327607 2.41175 0.10196 0.524111 0.174704 39.9333 4.98255 12.4772 0.752464 1.8843 0.0245141 
365.569 0.00392398 1050 188.462 296.475 81.0995 99.9692 0.273462 2.54922 0.162213 0.274947 0.091649 39.9475 3.01695 7.5523 0.479262 1.19973 0.0463286 
242.523 0.00475015 1002.27 183.75 163.381 67.3673 79.084 0.326089 2.66198 0.0796169 0.189038 0.0630127 39.5717 3.65809 9.24421 0.412641 1.04277 0.0347875 
357.236 0.00447684 1002.27 157.5 329.583 92.2593 259.296 0.72584 0.861456 0.336122 0.756392 0.252131 40.1209 3.99528 9.95811 0.646235 1.61072 0.128804 
190.641 0.00556311 227.32 86.4706 33.734 17.6951 14.447 0.0757813 12.4424 0.0417799 0.13125 0.04375 40.428 1.58097 3.91059 0.165887 0.410327 0.00184479 
331.098 0.00443797 1002.27 121.154 282.437 85.3033 278.085 0.83989 0.810285 0.366861 0.886496 0.295499 39.1494 3.8737 9.89466 0.73058 1.86613 0.0699594 
268.419 0.00437118 882 195.133 178.244 66.4054 62.9135 0.234386 3.63628 0.0345837 0.100921 0.0336405 41.4675 2.51712 6.07011 0.41565 1.00235 0.0504546 
