250.054 0.00599647 1102.5 105.502 269.688 107.852 138.482 0.553809 1.20423 0.121034 0.362405 0.120802 30.2054 4.67291 15.4704 0.373345 1.23602 0.0556655 
474.991 0.0052466 1102.5 103.521 451.329 95.0183 581.564 1.22437 0.327737 0.578858 1.50652 0.502174 25.9506 3.41552 13.1617 0.467459 1.80134 0.111443 
182.782 0.00654929 760.345 127.457 145.009 79.3343 44.4277 0.243064 3.43678 0.0219458 0.0918669 0.0306223 32.2339 2.85547 8.85858 0.449383 1.39413 0.046781 
286.33 0.00540668 1002.27 109.158 265.59 92.7564 200.79 0.701255 0.921141 0.242017 0.811243 0.270414 26.5873 5.67759 21.3545 0.412959 1.55322 0.0524315 
236.346 0.00635269 918.75 126.724 236.523 100.075 91.9619 0.389098 1.71173 0.0647263 0.19989 0.0666301 29.7612 2.43353 8.17685 0.622969 2.09322 0.0117783 
496.78 0.00482615 1102.5 97.5664 408.768 82.2836 419.419 0.844274 0.494027 0.433438 1.28457 0.428191 34.6618 3.8065 10.9818 0.62169 1.79359 0.102792 
293.311 0.00510658 1102.5 136.111 259.11 88.3398 188.858 0.643885 1.03689 0.204424 0.516464 0.172155 26.4283 3.20596 12.1308 0.611028 2.31202 0.0689837 
129.99 0.00772271 146.026 119.189 8.15823 6.27604 3.08279 0.0237156 42.0036 0.00986577 0.0225112 0.00750373 29.6568 1.98143 6.68119 0.247066 0.833086 0.0298897 
259.02 0.00631793 1102.5 124.576 303.622 117.219 228.904 0.883729 0.691468 0.197602 0.494765 0.164922 30.4736 2.53781 8.32787 0.587206 1.92693 0.0549329 
313.707 0.00624231 1102.5 105 333.464 106.298 211.106 0.672941 0.758847 0.284359 0.619962 0.206654 34.1447 2.20842 6.46783 0.319975 0.937116 0.0423603 
427.313 0.00564248 1102.5 83.5227 413.777 96.8321 329.33 0.770699 0.538144 0.630743 0.940388 0.313463 32.9509 2.01578 6.11752 0.605352 1.83713 0.046252 
213.721 0.00654195 1002.27 136.957 237.787 111.261 157.729 0.738017 0.969126 0.140381 0.377816 0.125939 27.0653 2.44836 9.0461 0.591021 2.18368 0.0792355 
219.138 0.00580121 848.077 126.724 190.043 86.7233 66.7733 0.304709 2.58154 0.0330293 0.120391 0.0401303 30.3696 2.85846 9.41224 0.802838 2.64356 0.145203 
142.785 0.00708239 167.045 124.576 15.4245 10.8026 4.62189 0.0323697 30.5493 0.0142476 0.022412 0.00747065 33.7876 2.06362 6.10763 0.324014 0.958975 0.0662061 
132.539 0.00759448 148.986 108.088 10.4916 7.91583 3.74868 0.0282835 35.1256 0.0137348 0.0399014 0.0133005 32.0048 2.39283 7.47646 0.401151 1.25341 0.0427408 
223.627 0.0065027 1102.5 106.01 256.113 114.527 188.322 0.842125 0.816591 0.221006 0.683476 0.227825 33.2531 1.98738 5.97652 0.337586 1.0152 0.0323204 
