356.451 0.00571731 1102.5 109.158 351.919 98.7285 366.227 1.02743 0.477592 0.473775 1.00191 0.333971 35.1969 4.78893 13.6061 0.687927 1.95451 0.126601 
151.211 0.00676435 225 126.724 25.228 16.684 11.7639 0.0777982 12.5667 0.02652 0.0694829 0.023161 34.8404 1.35774 3.89701 0.264519 0.759231 0.0381593 
317.278 0.00546073 1002.27 104.502 287.756 90.6953 268.047 0.844834 0.683184 0.323619 0.807663 0.269221 35.1124 4.5453 12.945 0.630985 1.79704 0.0410993 
263.036 0.00691404 1102.5 101.147 305.522 116.152 317.351 1.2065 0.455751 0.448096 1.07937 0.359792 37.2367 3.24208 8.70667 0.338155 0.908122 0.0229504 
421.099 0.00589245 1102.5 98.8789 410.307 97.4373 312.271 0.741562 0.543466 0.394217 0.968481 0.322827 34.8781 3.96764 11.3757 0.588896 1.68844 0.012962 
208.856 0.00717991 1102.5 103.037 237.871 113.893 165.475 0.79229 0.841685 0.194785 0.521187 0.173729 38.06 2.97004 7.80357 0.396123 1.04079 0.0520603 
183.107 0.00696397 958.696 117.287 188.357 102.867 52.0036 0.284006 2.76128 0.0387017 0.101348 0.0337826 36.8851 2.47515 6.71044 0.26559 0.720047 0.0677731 
502.413 0.00516595 1102.5 102.083 425.58 84.7073 286.416 0.570081 0.675854 0.532003 0.896426 0.298809 41.0496 1.37637 3.35293 0.297233 0.724083 0.0215495 
202.857 0.00719511 787.5 81.3653 186.803 92.086 126.48 0.623492 1.09886 0.213177 0.613501 0.2045 39.7694 3.27709 8.24022 0.280582 0.705522 0.0462598 
164.876 0.0075737 711.29 90.7407 139.235 84.4487 97.8642 0.593564 1.34917 0.158637 0.50978 0.169927 41.3036 1.63534 3.95932 0.221616 0.536554 0.031561 
