175.168 0.00677627 512.791 119.189 107.692 61.4793 74.5553 0.425622 1.97939 0.228555 0.340658 0.113553 41.4616 1.16179 2.8021 0.230915 0.556936 0.0372122 
212.529 0.006412 1002.27 123.184 228.268 107.406 78.6972 0.37029 1.98174 0.046524 0.149174 0.0497247 39.5731 1.32181 3.34018 0.307929 0.778126 0.0319465 
136.101 0.00741648 172.266 114.249 13.446 9.87945 4.89282 0.03595 27.5577 0.0183449 0.0385713 0.0128571 40.9537 1.76407 4.30748 0.366596 0.895147 0.0406635 
159.425 0.00662635 373.729 126.724 53.2615 33.4084 17.3312 0.10871 8.70757 0.0217056 0.0581749 0.0193916 41.9576 1.13394 2.70259 0.154708 0.368724 0.0156216 
145.951 0.00693626 167.045 120.492 15.8769 10.8782 4.18977 0.0287066 34.41 0.0144777 0.0257446 0.00858155 39.6719 2.56283 6.46005 0.212719 0.536195 0.0294323 
271.957 0.00649282 1002.27 96.7105 308.787 113.542 100.096 0.368057 1.53869 0.195576 0.449825 0.149942 37.6257 4.11701 10.942 0.380142 1.01032 0.00748453 
165.043 0.00738905 648.529 121.823 134.226 81.3275 42.5113 0.257577 3.18351 0.0261464 0.0859272 0.0286424 38.8144 0.881406 2.27082 0.170829 0.440118 0.00987204 
130.406 0.00824792 275.625 80.7692 42.7335 32.7695 19.0622 0.146175 6.36037 0.0775793 0.226286 0.0754286 37.27 2.77025 7.43291 0.582132 1.56193 0.0219757 
130.497 0.00768424 138.679 119.189 6.81206 5.22008 2.33233 0.0178726 55.7968 0.00875446 0.0151763 0.00505876 40.8592 1.3641 3.33855 0.278286 0.681086 0.0366693 
214.862 0.00739985 882 86.1328 228.89 106.529 182.924 0.851356 0.738765 0.13713 0.634321 0.21144 40.2092 2.35181 5.84892 0.351022 0.872988 0.0237019 
197.455 0.0067158 787.5 121.823 180.849 91.5901 73.1499 0.370464 2.03558 0.0416995 0.180304 0.0601013 35.7387 2.02664 5.6707 0.274412 0.767827 0.0206256 
