150.211 0.00668316 162.132 135.276 9.21721 6.13617 2.68563 0.017879 55.715 0.0048471 0.0128179 0.00427263 34.8871 1.74116 4.99085 0.335491 0.961648 0.0320068 
229.722 0.0060771 711.29 121.154 175.708 76.4874 126.825 0.552081 1.29747 0.184627 0.449627 0.149876 34.7099 1.8847 5.42985 0.326363 0.94026 0.0513169 
258.231 0.00688133 1102.5 120.492 331.174 128.247 140.644 0.544642 1.03325 0.219764 0.316851 0.105617 39.186 2.40009 6.12486 0.247737 0.632208 0.0480736 
257.45 0.00647619 1002.27 100.227 279.949 108.739 229.949 0.893178 0.671505 0.25797 0.763914 0.254638 38.5315 1.43167 3.71558 0.17314 0.449346 0.0246338 
231.199 0.00662665 1002.27 111.929 260.559 112.699 159.39 0.689408 0.94677 0.0494859 0.283333 0.0944444 37.2984 3.28589 8.80973 0.254136 0.681358 0.0343921 
190.148 0.00664605 595.946 124.576 137.696 72.4151 84.662 0.445243 1.77725 0.0976781 0.432934 0.144311 36.4167 2.34619 6.44262 0.318352 0.874193 0.00667762 
255.003 0.00608314 1102.5 132.036 281.409 110.355 71.5531 0.280597 2.29743 0.066013 0.170898 0.0569659 33.3539 2.77221 8.31151 0.352572 1.05706 0.0695627 
144.449 0.00762972 441 119.189 74.4426 51.5355 21.7196 0.150361 6.03448 0.0186552 0.0622145 0.0207382 35.1478 1.55613 4.4274 0.283043 0.805294 0.0190108 
202.092 0.00672822 816.667 116.053 190.321 94.1754 121.008 0.598776 1.22825 0.133237 0.371505 0.123835 35.9696 3.64181 10.1247 0.385111 1.07066 0.0466526 
292.003 0.00578231 882 116.667 263.933 90.3871 132.72 0.454516 1.30305 0.324706 0.712941 0.237647 37.1753 2.12436 5.71445 0.360269 0.969109 0.0427996 
235.636 0.00656899 1102.5 102.083 261.17 110.836 187.509 0.795755 0.811859 0.26112 0.525322 0.175107 36.5043 2.63473 7.21758 0.339149 0.929065 0.0446517 
194.054 0.00639456 760.345 135.276 163.55 84.2807 54.3549 0.280103 2.87707 0.0289992 0.109607 0.0365356 35.774 2.67083 7.46583 0.518925 1.45056 0.0795868 
199.407 0.0068999 689.062 83.2075 166.705 83.6003 117.894 0.591225 1.22932 0.149728 0.404225 0.134742 36.7455 4.45943 12.136 0.573027 1.55945 0.117599 
190.029 0.00695389 760.345 113.077 174.008 91.569 77.7338 0.409062 1.84996 0.125707 0.316304 0.105435 39.0892 2.76209 7.06611 0.343017 0.877523 0.0270601 
230.912 0.00698825 918.75 89.2713 253.588 109.82 120.889 0.523527 1.18371 0.185893 0.521445 0.173815 35.0199 2.50849 7.16304 0.3426 0.9783 0.0299612 
176.522 0.00753968 490 97.5664 128.327 72.6977 54.3628 0.307967 2.43975 0.142556 0.314586 0.104862 40.5116 2.39744 5.9179 0.367583 0.907351 0.0280773 
404.172 0.00507524 1002.27 113.66 343.74 85.0479 311.624 0.771019 0.632284 0.545851 1.01571 0.338568 38.9858 4.94832 12.6926 0.676441 1.7351 0.110167 
155.518 0.00734996 501.136 114.249 93.37 60.038 27.7571 0.178481 4.90163 0.0254665 0.0768914 0.0256305 37.1062 2.19348 5.91136 0.316523 0.85302 0.0546752 
