124.495 0.00807256 136.957 106.522 8.60417 6.91128 4.88312 0.0392236 25.3683 0.0186798 0.0303371 0.0101124 26.972 3.17142 11.7582 0.640401 2.37432 0.10481 
112.573 0.00891308 125.284 98 6.41057 5.69456 3.87744 0.0344436 28.9353 0.0171148 0.0289636 0.00965452 32.3838 4.19442 12.9522 0.403099 1.24476 0.0497367 
159.934 0.00752678 760.345 97.5664 124.18 77.6443 48.5957 0.303849 2.73396 0.099828 0.263107 0.0877023 25.747 4.03524 15.6727 0.629122 2.44348 0.0673249 
291.566 0.00687075 958.696 95.4545 291.392 99.9405 212.574 0.729076 0.684677 0.276328 0.647415 0.215805 29.3802 3.55397 12.0965 0.659951 2.24624 0.0898992 
219.637 0.00747921 882 105 239.641 109.108 183.313 0.834616 0.729375 0.225872 0.494189 0.16473 30.3763 1.39456 4.59094 0.381645 1.25639 0.0432933 
299.78 0.00595616 1002.27 83.8403 262.606 87.5995 251.832 0.840057 0.666687 0.351396 1.00051 0.333503 32.1495 2.33147 7.25196 0.427927 1.33106 0.0159758 
102.298 0.00999382 140.446 81.3653 15.9557 15.5973 11.716 0.114528 8.5406 0.0617162 0.182022 0.0606741 29.9136 2.34909 7.8529 0.715792 2.39286 0.0018612 
168.426 0.00747921 1002.27 108.088 163.638 97.1569 77.6723 0.461165 1.72138 0.0781076 0.205273 0.0684243 27.3278 4.214 15.4202 0.759816 2.78038 0.065179 
196.788 0.00829176 1102.5 95.4545 273.878 139.174 192.002 0.975681 0.628127 0.199362 0.46381 0.154603 30.8648 2.678 8.67655 0.584178 1.8927 0.0901348 
265.279 0.006745 958.696 91.1157 295.215 111.285 92.218 0.347627 1.60769 0.158488 0.408653 0.136218 26.2221 3.89816 14.866 0.678838 2.58881 0.0870165 
239.044 0.00762207 787.5 85.1351 257.301 107.638 148.539 0.621388 0.883257 0.294147 0.535502 0.178501 32.9394 2.21833 6.73456 0.382673 1.16175 0.0676017 
208.693 0.00773861 1002.27 99.7738 255.753 122.55 93.5935 0.448475 1.38067 0.103813 0.194696 0.0648987 30.4198 2.99628 9.84974 0.424237 1.3946 0.0378671 
173.793 0.00870482 918.75 81.3653 204.271 117.537 104.126 0.599136 1.10327 0.149806 0.494596 0.164865 27.8463 2.27201 8.1591 0.552566 1.98434 0.0662686 
404.305 0.00669312 1102.5 90.3689 422.05 104.389 277.771 0.687031 0.53788 0.540373 1.03331 0.344438 33.1871 2.06189 6.21292 0.394534 1.18882 0.0649351 
225.954 0.00779478 1102.5 88.9113 280.857 124.298 184.686 0.817362 0.694643 0.210133 0.462961 0.15432 31.0966 3.22906 10.384 0.541934 1.74274 0.0763832 
