378.481 0.00383921 1041.67 84.4595 235.833 62.3105 208.355 0.550502 1.25013 0.390759 0.996207 0.332069 4.09151 2.04435 49.9657 1.69862 41.5157 0.183041 
418.261 0.00354533 1086.96 110.132 246.882 59.0258 255.634 0.611184 1.10338 0.438019 1.3273 0.442433 5.34426 3.92699 73.4806 2.29572 42.9567 0.300432 
392.749 0.00357524 1041.67 81.9672 207.581 52.8533 222.314 0.566046 1.25814 0.480442 1.15219 0.384062 3.90711 1.3247 33.9049 1.52499 39.0311 0.162314 
330.175 0.00417395 1041.67 104.603 204.097 61.8148 205.761 0.623187 1.16437 0.387841 1.04172 0.34724 3.57424 1.1153 31.2038 2.1491 60.1276 0.194034 
362.564 0.00417818 1136.36 86.5052 240.858 66.4319 252.128 0.695401 0.949276 0.488299 1.38019 0.460062 4.18144 2.50948 60.0146 1.98712 47.5223 0.185867 
654.781 0.00210909 1136.36 147.059 284.349 43.4266 347.952 0.531402 1.36265 0.424195 1.57983 0.526609 4.75667 3.30848 69.5544 1.97454 41.511 0.103343 
407.118 0.0036614 1136.36 125.628 272.74 66.9928 276.624 0.679469 0.987331 0.343711 0.888905 0.296302 4.56709 2.43845 53.3917 2.06593 45.2351 0.343646 
362.148 0.00416681 1136.36 123.153 260.589 71.9564 226.076 0.624264 1.06155 0.39573 1.08327 0.36109 3.57276 0.823504 23.0495 1.29012 36.1098 0.0952073 
430.625 0.0034 961.538 89.6057 233.563 54.2382 259.059 0.601588 1.13533 0.337968 1.2371 0.412368 5.42314 2.84441 52.4495 4.00324 73.8177 0.167238 
488.735 0.00328488 1136.36 97.6562 284.99 58.3117 318.822 0.652341 0.954844 0.433436 1.23081 0.410272 4.04595 1.80493 44.6109 2.32925 57.57 0.16595 
