348.302 0.00562358 1102.5 99.7738 353.46 101.481 252.788 0.725774 0.703444 0.511437 0.842432 0.280811 45.1395 2.43904 5.40335 0.482417 1.06872 0.0498278 
310.267 0.00611036 1002.27 86.1328 329.237 106.114 381.472 1.2295 0.429013 0.389456 1.34168 0.447227 47.4717 1.44196 3.03751 0.167931 0.353749 0.0229531 
222.201 0.00623961 689.062 125.284 175.085 78.7957 187.689 0.844682 0.853894 0.345972 0.887462 0.295821 48.4684 3.003 6.1958 0.282469 0.582791 0.0428406 
476.976 0.00409812 1102.5 93.8298 373.544 78.3152 268.932 0.563828 0.907345 0.398267 0.914085 0.304695 48.9439 4.10065 8.37828 0.496146 1.0137 0.0393893 
418.377 0.00458698 958.696 108.088 319.621 76.3956 350.008 0.836587 0.622867 0.543588 1.62312 0.541039 50.1204 3.81054 7.60278 0.447679 0.893208 0.0265401 
500.381 0.00368681 1002.27 95.0431 294.915 58.9381 296.82 0.593188 0.913811 0.559791 1.18746 0.395819 50.9079 3.92676 7.71345 0.44438 0.872909 0.0852216 
416.456 0.0042919 1002.27 86.1328 321.441 77.1848 256.611 0.616177 0.907979 0.451956 0.982709 0.32757 52.6991 3.92886 7.45527 0.656932 1.24657 0.0185317 
629.149 0.00303157 1102.5 109.158 381.297 60.6051 453.259 0.720432 0.727756 0.669863 1.86861 0.622869 52.3336 1.5648 2.99005 0.175269 0.334908 0.0260761 
226.768 0.00636316 1002.27 118.548 234.274 103.31 96.5772 0.425885 1.62724 0.0605019 0.146431 0.0488105 45.8327 5.38636 11.7522 0.617804 1.34795 0.051001 
303.055 0.00525665 882 100.685 230.902 76.1914 189.106 0.623999 1.00597 0.5667 0.993115 0.331038 51.2834 3.49795 6.82082 0.348301 0.679169 0.0763116 
376.483 0.00449804 848.077 116.053 263.248 69.9231 306.459 0.814007 0.725443 0.523714 1.27263 0.424212 52.1952 4.15808 7.96641 0.372216 0.713122 0.0538362 
365.172 0.00527411 1102.5 86.811 349.054 95.5863 239.352 0.65545 0.792161 0.397498 0.753209 0.25107 47.3094 2.29023 4.84095 0.313746 0.663179 0.0179024 
542.961 0.00353741 1002.27 116.667 377.399 69.5076 277.638 0.511341 1.0182 0.454701 0.983683 0.327894 52.9036 4.21557 7.96841 0.396453 0.749388 0.0179393 
420.64 0.00549036 1102.5 103.037 391.56 93.0869 349.148 0.830042 0.521662 0.469867 1.53699 0.512329 50.9624 3.96293 7.77618 0.327919 0.643452 0.017751 
344.002 0.00485261 1002.27 116.053 298.527 86.7807 275.713 0.801485 0.747426 0.445234 0.777259 0.259086 52.0288 3.452 6.63479 0.49639 0.954068 0.0163173 
387.94 0.00450189 1002.27 102.558 298.87 77.0402 279.777 0.721186 0.79395 0.520587 1.28442 0.42814 51.1817 3.62304 7.07879 0.425764 0.831868 0.0524451 
269.303 0.00560091 1002.27 119.189 248.503 92.2765 161.741 0.600592 1.10388 0.235425 0.509312 0.169771 52.6066 4.69217 8.91936 0.531446 1.01023 0.0594941 
559.554 0.00279942 1002.27 119.189 311.083 55.5949 405.21 0.724167 0.881558 0.543404 1.65783 0.55261 49.8602 4.14079 8.30481 0.664213 1.33215 0.0747807 
