456.665 0.00318715 1136.36 81.1688 274.047 60.0106 272.552 0.596832 1.15119 0.374228 1.07645 0.358817 3.8204 1.15123 30.1337 1.7509 45.8302 0.160179 
396.867 0.00424909 1086.96 119.048 316.086 79.6454 280.633 0.707119 0.838621 0.468492 1.07647 0.358822 3.86544 1.55376 40.1961 2.99814 77.5627 0.182901 
425.463 0.00369167 1041.67 88.0282 263.653 61.9684 261.413 0.614419 1.03622 0.527921 1.2517 0.417234 4.42894 2.2641 51.1206 3.04093 68.6606 0.204581 
375.327 0.00406109 1086.96 83.612 255.549 68.0869 218.452 0.58203 1.1272 0.407309 1.19013 0.396708 3.62037 0.742835 20.5182 1.64084 45.3225 0.127101 
433.815 0.003096 1136.36 150.602 254.924 58.7632 237.652 0.547817 1.35912 0.327181 0.812268 0.270756 3.32344 0.872066 26.2398 3.04768 91.7026 0.224563 
287.971 0.00453231 781.25 97.6562 164.882 57.2564 168.51 0.585161 1.30935 0.302716 0.989194 0.329731 3.88905 1.14179 29.3592 3.01536 77.5346 0.191549 
497.423 0.00273524 1041.67 84.7458 237.538 47.7537 229.872 0.462125 1.59045 0.409299 1.16222 0.387407 4.00266 2.18978 54.7082 4.94849 123.63 0.368138 
443.229 0.00324471 1000 104.603 260.8 58.841 207.738 0.468691 1.48357 0.27197 0.608992 0.202997 3.93606 2.48206 63.0595 4.96127 126.046 0.458012 
386.36 0.00355789 1086.96 90.9091 212.608 55.0284 231.506 0.599198 1.21407 0.321538 1.05019 0.350064 3.30666 0.683271 20.6634 1.27164 38.457 0.0609935 
454.984 0.00327822 1136.36 85.6164 278.176 61.1397 278.66 0.612461 1.09468 0.49545 1.24004 0.413346 4.33745 2.54701 58.7214 3.8174 88.0102 0.198889 
385.42 0.00435636 757.576 82.5083 232.612 60.3529 294.261 0.763481 0.780087 0.659003 2.03228 0.677425 3.33384 0.98944 29.6787 2.05486 61.6365 0.0187932 
691.629 0.00159273 1086.96 357.143 199.256 28.8097 182.549 0.26394 3.43938 0.125571 0.42415 0.141383 3.3838 0.809897 23.9345 2.64449 78.1514 0.303217 
358.894 0.00409333 892.857 87.108 226.802 63.1946 220.089 0.613244 1.11 0.465402 1.10619 0.36873 3.28682 1.27942 38.9256 4.02271 122.389 0.232686 
