266.09 0.00641298 1102.5 86.1328 288.246 108.326 273.891 1.02932 0.569327 0.27671 0.818681 0.272894 38.9308 2.60602 6.69398 0.590167 1.51594 0.0375781 
192.275 0.00729511 1002.27 114.249 225.098 117.071 145.163 0.754975 0.944306 0.173694 0.427916 0.142639 39.4433 2.65717 6.73669 0.600052 1.5213 0.0697782 
424.538 0.00471466 918.75 110.25 315.708 74.3652 239.381 0.563862 0.886054 0.352449 0.846493 0.282164 42.8039 3.07563 7.18538 0.427988 0.999881 0.0346588 
263.117 0.00605166 958.696 90.7407 254.126 96.5829 127.073 0.482954 1.30038 0.172687 0.393919 0.131306 40.7403 4.77042 11.7093 0.606294 1.48819 0.0754533 
144.467 0.00703704 180.738 121.823 18.8488 13.0471 10.3998 0.0719874 13.6642 0.0296455 0.0824919 0.0274973 43.5703 4.27737 9.81718 0.62948 1.44475 0.0208298 
245.567 0.00633711 918.75 117.914 246.578 100.412 148.881 0.606277 1.05991 0.223152 0.473429 0.15781 45.322 3.84179 8.47665 0.40244 0.887958 0.0749049 
260.086 0.00581104 787.5 113.077 223.749 86.0287 107.074 0.411685 1.60718 0.167865 0.593732 0.197911 44.2446 3.99704 9.03397 0.579587 1.30996 0.0230104 
306.457 0.00706785 1102.5 90.7407 348.3 113.654 205.65 0.671056 0.687993 0.308139 0.730907 0.243636 45.2448 3.20867 7.09179 0.508587 1.12408 0.0274918 
350.81 0.00527778 1002.27 109.701 310.299 88.4521 290.59 0.82834 0.652032 0.498246 1.66887 0.556289 46.3684 4.14147 8.93165 0.738665 1.59304 0.105332 
185.142 0.00715193 1002.27 114.844 193.073 104.284 109.025 0.58887 1.28248 0.132579 0.27584 0.0919467 41.2663 2.50752 6.07644 0.369053 0.894321 0.0399352 
230.635 0.00778808 787.5 81.9703 256.42 111.18 208.285 0.90309 0.61647 0.302972 0.672902 0.224301 43.5821 2.36922 5.43622 0.518377 1.18943 0.120554 
338.672 0.0068511 1102.5 80.7692 377.65 111.509 379.889 1.1217 0.384223 0.377437 1.07085 0.356949 39.6501 2.6543 6.69429 0.408219 1.02955 0.0523558 
188.77 0.00596221 501.136 114.844 90.8464 48.1255 49.9797 0.264765 3.35582 0.0658307 0.308355 0.102785 41.3653 4.50339 10.8869 0.510716 1.23465 0.030534 
301.02 0.00590779 1002.27 106.522 277.935 92.3312 207.435 0.689106 0.816007 0.308737 0.644241 0.214747 42.9374 3.97666 9.26152 0.509125 1.18574 0.0362195 
187.347 0.00701204 787.5 107.561 151.038 80.6191 128.984 0.688474 1.10566 0.252827 0.661049 0.22035 42.6705 2.55634 5.99089 0.390493 0.915137 0.0509252 
363.53 0.00527697 848.077 108.088 283.986 78.1188 148.667 0.408955 1.27468 0.326753 0.638122 0.212707 45.5024 3.57606 7.85907 0.436059 0.958321 0.0617948 
429.004 0.00536659 1102.5 98.8789 395.305 92.1449 418.37 0.975213 0.44539 0.75169 1.78394 0.594648 45.8396 2.40638 5.24957 0.392125 0.85543 0.0373098 
327.126 0.00550887 816.667 112.5 274.048 83.7746 184.172 0.563001 0.985629 0.146031 0.372655 0.124218 46.8678 2.68841 5.73615 0.332313 0.709044 0.0256081 
