229.964 0.00702599 1002.27 86.1328 244.817 106.459 206.979 0.900048 0.687648 0.356736 0.72646 0.242153 40.3707 3.31814 8.21918 0.45079 1.11663 0.12254 
281.76 0.00660998 1002.27 106.522 324.724 115.249 177.918 0.631452 0.850317 0.336535 0.526244 0.175415 40.3529 3.66531 9.08316 0.592219 1.4676 0.0531549 
153.503 0.00763794 416.038 111.929 87.3643 56.9137 80.3356 0.523349 1.62973 0.273132 0.584859 0.194953 39.0871 2.85629 7.30749 0.524807 1.34266 0.0806379 
117.958 0.00872638 148.986 83.2075 19.6166 16.6301 13.2779 0.112564 8.63054 0.0571676 0.233348 0.0777826 42.4153 2.53901 5.98606 0.289231 0.681902 0.0453565 
296.32 0.00652649 1050 123.876 355.296 119.903 278.755 0.940724 0.549664 0.160022 0.614586 0.204862 40.3828 1.62864 4.03301 0.206728 0.51192 0.00235786 
309.568 0.00687755 1002.27 102.083 334.254 107.974 280.966 0.907606 0.517503 0.385097 0.904495 0.301498 40.0012 1.79697 4.49229 0.309098 0.772722 0.0288455 
228.11 0.0074452 787.5 98 228.46 100.153 189.815 0.832119 0.707608 0.26802 0.64797 0.21599 41.6368 2.77986 6.67644 0.324582 0.779556 0.0565893 
148.122 0.00847118 501.136 84.1603 111.143 75.0347 73.7978 0.498222 1.5996 0.153328 0.391444 0.130481 39.7042 2.96785 7.4749 0.476481 1.20008 0.034643 
278.055 0.00624783 958.696 101.613 253.816 91.2828 287.245 1.03305 0.557208 0.359141 1.3148 0.438267 40.8038 1.69145 4.14533 0.386993 0.948423 0.0262961 
181.382 0.00786596 816.667 93.4322 182.786 100.774 105.19 0.579934 1.20858 0.19018 0.504484 0.168161 41.0268 1.87207 4.56304 0.299512 0.73004 0.0182862 
148.246 0.00837868 501.136 85.7977 107.028 72.1961 72.1506 0.486694 1.65419 0.153559 0.470169 0.156723 41.8509 2.58925 6.18683 0.390682 0.93351 0.0338658 
196.697 0.00815502 918.75 86.1328 232.794 118.351 105.24 0.535039 1.16518 0.160956 0.315133 0.105044 41.497 1.80173 4.34182 0.176696 0.425804 0.00720524 
127.836 0.00795594 139.557 89.2713 14.6752 11.4797 10.5829 0.0827847 11.8769 0.0860749 0.190486 0.0634953 36.7974 1.8008 4.89383 0.357284 0.970948 0.0495962 
200.491 0.00741897 787.5 100.227 214.551 107.013 169.42 0.845022 0.795597 0.223544 0.513484 0.171161 40.5422 3.59459 8.86629 0.698957 1.72402 0.0868188 
219.746 0.00703272 1002.27 97.5664 238.981 108.753 146.935 0.668657 0.967726 0.23486 0.393367 0.131122 39.1779 2.08504 5.32198 0.311358 0.794727 0.0323804 
165.352 0.00757694 816.667 86.1328 142.758 86.3357 60.4395 0.36552 2.18366 0.0835471 0.269576 0.0898587 38.1371 3.75839 9.85493 0.444413 1.1653 0.0634122 
452.683 0.00591541 1102.5 87.5 440.491 97.3069 521.311 1.1516 0.324279 0.61067 1.59138 0.53046 39.4348 2.33902 5.93135 0.182011 0.46155 0.0181236 
242.182 0.00653817 612.5 95.0431 181.169 74.8071 207.751 0.857832 0.736208 0.370058 1.00092 0.333642 42.9473 3.15764 7.35237 0.388547 0.904707 0.0866784 
400.312 0.00579305 1102.5 108.088 421.804 105.369 401.948 1.00409 0.42946 0.374729 1.0541 0.351366 37.8984 4.79055 12.6405 0.320168 0.844805 0.0721046 
321.963 0.00628968 1102.5 105 334.076 103.762 333.321 1.03528 0.47699 0.404987 1.15882 0.386274 40.3709 2.86306 7.09189 0.470263 1.16485 0.0512465 
224.236 0.00635333 580.263 107.039 159.773 71.252 128.933 0.574988 1.22077 0.286753 0.532194 0.177398 38.0103 3.06186 8.05535 0.522886 1.37564 0.00367119 
259.706 0.0070935 1050 86.1328 308.151 118.654 230.175 0.886293 0.612464 0.212654 0.490585 0.163528 37.5674 2.2297 5.93521 0.352151 0.937385 0.0325099 
327.732 0.00644747 1050 117.287 361.839 110.407 366.917 1.11957 0.42271 0.390387 1.00516 0.335053 35.3724 1.89562 5.35903 0.309018 0.873614 0.0204966 
207.08 0.00753426 882 104.009 230.266 111.196 157.407 0.760125 0.84321 0.204468 0.51136 0.170453 36.683 3.46749 9.4526 0.731291 1.99354 0.102219 
207.83 0.00747166 1002.27 84.4828 243.796 117.306 169.453 0.815343 0.789831 0.186343 0.492868 0.164289 36.501 3.75281 10.2814 0.618144 1.6935 0.0664297 
459.655 0.00514216 1002.27 81.3653 353.532 76.9126 417.259 0.907766 0.466068 0.790035 1.64845 0.549484 38.5635 2.45399 6.3635 0.31903 0.827285 0.0640532 
162.377 0.00773998 501.136 87.1542 108.065 66.5517 111.065 0.683998 1.16327 0.281334 0.80127 0.26709 38.3245 3.72347 9.71564 0.732688 1.9118 0.074795 
