211.582 0.00640464 1002.27 117.287 208.888 98.7267 84.3854 0.398831 1.85028 0.0563448 0.161979 0.0539929 43.7521 1.89736 4.33662 0.263488 0.60223 0.0352821 
335.571 0.00623129 1102.5 104.009 359.134 107.022 317.772 0.946959 0.505018 0.425169 1.10402 0.368007 46.497 2.71688 5.84312 0.365321 0.785687 0.0719049 
307.578 0.00555556 1002.27 100.685 279.049 90.7246 198.584 0.645639 0.906417 0.469796 0.927891 0.309297 47.1788 2.01991 4.2814 0.198283 0.420279 0.018401 
245.38 0.00673069 882 93.4322 235.957 96.1595 104.968 0.427775 1.41542 0.160572 0.337799 0.1126 43.9372 3.043 6.9258 0.32992 0.75089 0.0218568 
301.977 0.00498564 1002.27 101.613 237.45 78.6317 209.296 0.693086 0.958336 0.476322 1.34487 0.44829 47.6226 3.73386 7.84051 0.502965 1.05615 0.0682461 
309.597 0.00592809 1002.27 98.4375 279.742 90.3568 306.941 0.991422 0.549579 0.479366 1.17878 0.392927 43.424 3.1384 7.22734 0.532944 1.2273 0.0899355 
192.543 0.00681406 501.136 108.621 125.535 65.1983 117.192 0.608655 1.25226 0.276983 0.652246 0.217415 43.1539 4.09314 9.48499 0.61281 1.42006 0.0506213 
286.905 0.00594482 1050 100.685 267.964 93.3981 190.878 0.665301 0.881261 0.321551 0.772028 0.257343 40.5399 5.91244 14.5843 0.999348 2.4651 0.0578304 
486.114 0.00516595 1102.5 116.667 436.585 89.8113 326.207 0.671051 0.593412 0.422894 1.08859 0.362862 38.5869 3.35617 8.69768 0.575431 1.49126 0.0572759 
359.276 0.0058633 1102.5 100.227 334.375 93.0691 320.199 0.891235 0.532645 0.494873 1.70681 0.568938 41.8191 3.29139 7.87053 0.377119 0.901786 0.0478876 
210.51 0.00642479 711.29 111.364 163.127 77.4915 134 0.636549 1.16155 0.312882 0.619765 0.206588 40.5258 3.78128 9.33054 0.516012 1.27329 0.0310017 
187.645 0.00665911 424.038 102.558 98.376 52.4267 100.78 0.537077 1.49008 0.414586 0.903746 0.301249 43.4742 5.11278 11.7605 0.688725 1.58422 0.0655556 
190.638 0.00703373 689.062 82.2761 135.033 70.8321 131.207 0.68825 1.08357 0.350756 1.05721 0.352403 40.6417 1.82554 4.49179 0.31557 0.776467 0.0322086 
304.389 0.00620269 1102.5 112.5 303.312 99.6462 241.781 0.794314 0.666805 0.293763 0.704571 0.234857 43.8442 5.09253 11.615 0.563715 1.28572 0.0318717 
332.713 0.00648958 1102.5 88.5542 348.021 104.601 345.092 1.0372 0.446528 0.451448 1.0431 0.347701 42.3472 3.72825 8.804 0.486698 1.1493 0.0449085 
