341.407 0.00554683 1050 124.576 329.709 96.5737 279.984 0.820089 0.643905 0.318505 0.648142 0.216047 42.1163 4.14965 9.85284 0.62516 1.48437 0.102239 
224.622 0.00664248 1102.5 123.184 252.897 112.587 98.166 0.437027 1.53359 0.0477924 0.16386 0.0546199 40.4714 2.90492 7.17773 0.534813 1.32146 0.0415524 
228.621 0.00580911 848.077 130.473 196.279 85.8532 41.7589 0.182655 4.12232 0.0281918 0.0854862 0.0284954 40.6932 4.14892 10.1956 0.241704 0.593967 0.022062 
221.63 0.00653061 1002.27 118.548 223.062 100.646 60.0021 0.270731 2.55199 0.0965517 0.176523 0.0588411 38.9971 3.85337 9.88117 0.439065 1.12589 0.0526877 
263.934 0.00630385 1102.5 113.66 272.85 103.378 150.864 0.571596 1.0515 0.16211 0.283192 0.0943972 45.1687 4.70247 10.4109 0.512189 1.13395 0.0435117 
127.401 0.00797361 143.182 88.9113 14.3223 11.2419 6.10239 0.047899 20.5515 0.0221008 0.0581409 0.0193803 38.5159 3.42593 8.89485 0.440554 1.14382 0.0520793 
282.912 0.00635525 1002.27 119.837 312.092 110.314 141.605 0.500526 1.11119 0.196955 0.478116 0.159372 41.1969 2.79097 6.7747 0.338597 0.821899 0.0417023 
306.051 0.00632056 1102.5 121.823 347.186 113.441 242.174 0.791288 0.653305 0.236017 0.54996 0.18332 40.3976 3.84503 9.51798 0.465031 1.15114 0.0590819 
272.076 0.00639607 1102.5 120.492 316.946 116.492 157.623 0.579333 0.991899 0.148083 0.405426 0.135142 41.2262 3.65744 8.87162 0.387165 0.939123 0.0348507 
290.122 0.00606387 1002.27 95.0431 298.876 103.017 214.058 0.737821 0.770404 0.337825 0.708802 0.236267 42.8898 3.19146 7.44106 0.462805 1.07906 0.0887276 
227.306 0.00685854 848.077 88.9113 233.196 102.591 78.3429 0.344658 1.8611 0.0840511 0.243457 0.0811523 42.9382 2.88318 6.71472 0.290382 0.676279 0.0384398 
452.3 0.00497732 1102.5 128.198 421.743 93.2441 447.52 0.989433 0.448943 0.66492 1.30114 0.433713 41.1585 2.03936 4.95488 0.41574 1.01009 0.0347479 
207.181 0.0061516 668.182 133.636 154.167 74.4116 68.0019 0.328225 2.39051 0.0569142 0.123486 0.041162 38.493 3.33277 8.65811 0.515487 1.33917 0.0251545 
134.631 0.00749433 152.069 111.364 12.6228 9.37586 6.42617 0.0477318 20.7642 0.0400908 0.084115 0.0280383 39.665 3.90555 9.84633 0.593496 1.49627 0.111869 
208.861 0.0068065 1002.27 128.198 239.327 114.587 82.4391 0.394709 1.78214 0.042643 0.133259 0.0444198 39.8726 2.27872 5.71501 0.332757 0.83455 0.0323581 
193.084 0.00695652 1002.27 119.189 193.726 100.332 115.868 0.600089 1.24064 0.161609 0.375324 0.125108 40.2423 3.91572 9.73035 0.52943 1.3156 0.0540132 
162.199 0.00715797 501.136 121.823 102.356 63.105 39.3486 0.242595 3.55043 0.026452 0.140655 0.0468849 40.6727 3.39395 8.34454 0.48231 1.18583 0.0298633 
287.879 0.00656772 1002.27 104.009 336.91 117.032 357.467 1.24173 0.425941 0.352758 1.01276 0.337588 42.8305 6.31517 14.7446 0.644285 1.50427 0.0310975 
160.068 0.00704343 469.149 129.706 89.3218 55.8024 56.3419 0.351987 2.5199 0.0414947 0.215408 0.0718027 40.3387 2.25122 5.58079 0.289597 0.717915 0.0260708 
