258.477 0.00635928 1102.5 123.876 293.399 113.511 204.529 0.791287 0.76884 0.220059 0.545563 0.181854 41.7129 2.005 4.80665 0.320247 0.76774 0.023621 
136.916 0.00739985 158.633 109.701 15.0306 10.9779 4.95882 0.0362179 27.252 0.0150153 0.0294178 0.00980592 43.4241 1.52368 3.50883 0.244933 0.564047 0.0592838 
154.61 0.00666905 185.294 96.2882 25.0912 16.2288 11.0555 0.0715059 13.563 0.0738964 0.161207 0.0537356 44.4097 1.18606 2.67072 0.121436 0.273444 0.0174829 
217.781 0.00629431 668.182 112.5 164.421 75.498 87.8993 0.403613 1.80745 0.19502 0.425528 0.141843 40.0851 3.68202 9.1855 0.241826 0.603282 0.0364687 
286.041 0.00586683 882 119.189 268.525 93.8764 348.378 1.21793 0.489267 0.521675 1.57437 0.524791 41.5599 3.59377 8.64722 0.660763 1.58991 0.0652425 
195.659 0.00695971 918.75 119.189 209.088 106.864 70.2087 0.358832 2.04653 0.0388081 0.113147 0.0377155 34.8563 2.90939 8.34681 0.565811 1.62327 0.0389537 
115.452 0.00876493 143.182 86.1328 12.3469 10.6944 8.94545 0.0774823 12.7541 0.0519301 0.147266 0.0490885 41.9494 0.509903 1.21552 0.135785 0.323688 0.00968549 
187.934 0.00813385 1102.5 83.2075 241.198 128.342 135.189 0.719343 0.909416 0.159903 0.38233 0.127443 37.2577 1.96041 5.26175 0.329099 0.883303 0.0277967 
236.002 0.00739985 918.75 85.1351 245.165 103.882 162.982 0.690596 0.829157 0.152758 0.566292 0.188764 38.8619 3.5883 9.23346 0.600243 1.54455 0.052276 
325.855 0.00624106 848.077 86.1328 265.168 81.3761 217.637 0.667895 0.736223 0.525135 1.0127 0.337568 39.0481 4.41983 11.3189 0.671367 1.71933 0.138404 
240.666 0.0066428 882 91.4938 242.237 100.653 109.972 0.456948 1.36889 0.183423 0.457822 0.152607 37.4302 4.69699 12.5487 0.562766 1.50351 0.0810819 
180.24 0.00841064 882 93.038 222.052 123.198 82.7413 0.459063 1.43697 0.0679412 0.215686 0.0718954 39.1044 3.33991 8.54101 0.600893 1.53664 0.0121637 
185.013 0.00815538 1102.5 92.2594 235.935 127.524 125.05 0.675897 0.980558 0.136916 0.313266 0.104422 36.71 2.20923 6.01806 0.312895 0.852341 0.0269979 
219.433 0.00811791 1050 86.1328 267.781 122.033 176.05 0.802293 0.699713 0.381788 0.816108 0.272036 38.7913 3.14183 8.09931 0.455458 1.17412 0.0505014 
157.678 0.00728647 424.038 93.8298 83.2219 52.7796 33.4663 0.212244 4.10086 0.0561722 0.167427 0.0558091 34.388 5.77071 16.7811 0.858847 2.49752 0.061833 
161.009 0.00825699 787.5 87.8486 168.21 104.473 109.054 0.677318 1.11055 0.182451 0.463904 0.154635 37.0622 1.68509 4.54665 0.447556 1.20758 0.0207555 
