178.72 0.00727324 787.5 87.8486 161.091 90.1364 80.3798 0.449754 1.71051 0.162847 0.575882 0.191961 29.975 1.69721 5.66206 0.396832 1.32388 0.0377664 
148.838 0.00717747 222.727 83.8403 37.7074 25.3346 15.352 0.103146 9.07535 0.0891342 0.21669 0.0722302 31.3879 2.53464 8.0752 0.251256 0.800488 0.0178608 
221.448 0.00622222 918.75 88.9113 193.271 87.2763 53.5563 0.241846 3.00085 0.0896849 0.205983 0.068661 31.3819 3.68184 11.7324 0.407849 1.29963 0.0446358 
318.308 0.00717525 1050 81.3653 376.349 118.234 139.379 0.437873 0.999924 0.203901 0.372385 0.124128 33.9677 2.33526 6.87493 0.307595 0.905552 0.0174454 
136.474 0.00737717 152.069 122.5 11.2196 8.22105 3.07022 0.0224968 44.151 0.0149078 0.0239754 0.0079918 34.4993 1.39335 4.03877 0.284807 0.825544 0.0500285 
128.928 0.00781017 153.125 116.667 11.1771 8.66928 3.73414 0.0289631 34.2885 0.0110328 0.0246786 0.00822619 35.959 1.52766 4.24834 0.261352 0.726805 0.0183057 
143.701 0.00768652 689.062 93.4322 88.7815 61.7822 24.4186 0.169927 5.32781 0.0597348 0.13767 0.0458899 35.7537 2.08288 5.82564 0.237496 0.664257 0.0352244 
147.92 0.00689755 200.455 126.724 22.6648 15.3224 8.4267 0.056968 17.2047 0.0294936 0.0496779 0.0165593 36.0432 2.4176 6.70752 0.607512 1.68551 0.0947553 
147.866 0.00708878 297.973 121.823 43.6319 29.5078 16.3877 0.110829 8.60813 0.0272966 0.0761901 0.0253967 33.4275 2.27983 6.8202 0.389296 1.1646 0.0196227 
192.3 0.00801587 1002.27 86.1328 244.891 127.349 175.818 0.914289 0.709557 0.249081 0.67157 0.223857 31.5213 1.72871 5.48425 0.380253 1.20633 0.0209734 
238.151 0.00591313 787.5 135.276 210.332 88.3188 193.634 0.81307 0.873376 0.178446 0.576616 0.192205 33.8076 4.20026 12.424 0.664601 1.96583 0.0445094 
119.725 0.00852195 143.182 84.4828 15.5303 12.9716 14.8128 0.123723 7.92182 0.105826 0.244799 0.0815997 36.0889 2.45043 6.78999 0.303329 0.840506 0.0760172 
131.91 0.00764769 143.182 93.8298 11.1072 8.42028 6.02364 0.0456647 21.7076 0.0443571 0.0959279 0.031976 35.0138 1.84456 5.2681 0.276512 0.789723 0.0383547 
123.156 0.00823335 141.346 93.8298 13.7697 11.1807 11.7508 0.0954141 10.3361 0.0840403 0.151171 0.0503904 33.9934 2.4046 7.07373 0.285278 0.839214 0.0269693 
317.665 0.0058768 918.75 88.2 309.499 97.4295 197.439 0.621533 0.861839 0.323923 0.563344 0.187781 33.7116 4.67942 13.8808 0.939907 2.78808 0.112662 
138.566 0.0075737 272.222 90.7407 37.7164 27.219 28.3696 0.204736 4.65414 0.0667665 0.257485 0.0858283 33.1182 1.97761 5.97137 0.308857 0.932592 0.0336871 
