610.921 0.003613 1102.5 138.679 440.527 72.1086 473.668 0.775333 0.58433 0.609585 1.70132 0.567107 27.5875 3.9851 14.4453 0.832604 3.01805 0.155678 
234.58 0.00580499 1102.5 93.4322 235.534 100.407 166.888 0.711435 1.03222 0.232386 0.593149 0.197716 30.8364 3.29054 10.6709 0.691482 2.24242 0.0290442 
266.097 0.00580499 1102.5 110.25 266.009 99.9669 244.869 0.920224 0.703501 0.311263 0.80619 0.26873 28.279 4.85985 17.1854 0.587142 2.07625 0.0847719 
617.919 0.00368584 1002.27 96.2882 376.167 60.8764 384.486 0.622228 0.70564 0.971333 2.07942 0.693139 33.9906 3.8185 11.234 0.548694 1.61425 0.0702329 
533.009 0.00421356 1050 123.184 407.783 76.5059 376.875 0.70707 0.629729 0.446519 0.955534 0.318511 32.0764 2.99193 9.32749 0.55946 1.74415 0.0266694 
152.705 0.00749055 297.973 104.009 65.3794 42.8141 40.858 0.267562 3.26745 0.133502 0.352977 0.117659 32.8522 1.36601 4.15803 0.34975 1.06462 0.0123215 
265.696 0.00685412 1102.5 86.1328 306.978 115.537 286.916 1.07987 0.508504 0.353636 0.863476 0.287825 31.4921 3.37931 10.7307 0.41794 1.32713 0.0322902 
629.93 0.00421013 1102.5 83.2075 423.362 67.2078 512.075 0.812908 0.463843 0.872531 2.55296 0.850987 34.5711 2.305 6.66741 0.502984 1.45492 0.0165802 
335.867 0.00564007 1102.5 129.706 336.234 100.109 317.376 0.944947 0.558651 0.303028 0.753168 0.251056 33.2932 4.07389 12.2364 0.929436 2.79167 0.0266329 
350.587 0.00546311 1002.27 83.2075 326.105 93.0167 327.045 0.932849 0.559696 0.2234 0.852781 0.28426 34.0375 2.82209 8.29113 0.463679 1.36226 0.0703353 
259.789 0.00645503 1050 92.6471 261.597 100.696 246.314 0.948129 0.628946 0.335731 0.887441 0.295814 31.9206 2.6501 8.30218 0.318264 0.997051 0.0411038 
397.032 0.00545477 1102.5 102.558 342.175 86.1832 383.645 0.966282 0.477852 0.515355 1.32142 0.440473 35.6341 4.03747 11.3303 0.568858 1.59638 0.0544156 
