226.905 0.00494331 315 111.364 66.9956 29.5258 38.3436 0.168985 5.27581 0.326081 0.453619 0.151206 39.7321 2.36817 5.96034 0.239637 0.603132 0.0274032 
233.53 0.00452608 282.692 109.158 46.3379 19.8424 19.1856 0.0821546 11.5161 0.0966695 0.265749 0.088583 38.935 1.89527 4.86779 0.133236 0.342201 0.0142941 
256.814 0.00508761 1002.27 175 235.857 91.8396 84.9148 0.330646 2.31474 0.0361658 0.115883 0.0386278 42.2349 1.56369 3.70236 0.148421 0.351419 0.00138239 
261.957 0.00395854 450 214.078 58.9278 22.4952 24.9153 0.0951125 10.1391 0.0297872 0.08497 0.0283233 32.9446 3.12797 9.49464 0.576569 1.75012 0.0227312 
236.681 0.00500636 1002.27 110.804 176.312 74.4935 89.1914 0.376842 2.23952 0.0777585 0.250626 0.083542 37.3455 4.17745 11.1859 0.381216 1.02078 0.0453642 
189.5 0.0055359 245 86.1328 30.9006 16.3064 20.4085 0.107697 8.85115 0.176506 0.386926 0.128975 35.2849 2.23596 6.33688 0.406989 1.15344 0.0383441 
220.548 0.00459022 259.412 190.086 24.8069 11.2478 6.08502 0.0275904 35.8018 0.0110656 0.0197601 0.00658669 35.7073 1.56224 4.37512 0.28919 0.809889 0.0203321 
261.345 0.0038322 275.625 245 10.1866 3.89776 5.81109 0.0222353 44.905 0.0159763 0.0343195 0.0114398 36.6292 1.45707 3.97789 0.256286 0.699678 0.0497538 
204.903 0.00515495 256.395 98 37.3766 18.2412 23.7136 0.115731 8.18046 0.153959 0.407331 0.135777 39.0359 1.57773 4.04174 0.130589 0.334536 0.0123495 
234.013 0.00543008 882 89.6341 177.481 75.8422 81.8782 0.349887 2.24918 0.179186 0.614828 0.204943 40.0978 2.00587 5.00244 0.135839 0.338768 0.00608885 
193.467 0.00542706 229.688 94.6352 33.3154 17.2202 19.8913 0.102815 9.26346 0.129754 0.267409 0.0891365 37.0314 3.03427 8.19378 0.387015 1.0451 0.0227933 
195.955 0.00511716 216.176 180.738 10.329 5.27113 3.22171 0.016441 60.6576 0.00243722 0.00797637 0.00265879 39.6416 1.29838 3.2753 0.178761 0.450944 0.0249969 
198.883 0.00534176 245 90 39.0507 19.635 19.677 0.0989378 9.51385 0.175064 0.370022 0.123341 36.859 2.53321 6.8727 0.201598 0.546942 0.0315757 
197.389 0.00507524 214.078 188.462 8.50627 4.3094 2.72408 0.0138006 72.3308 0.00791459 0.0198574 0.00661913 41.0993 0.536013 1.30419 0.0751126 0.182759 0.0165033 
