357.213 0.00524263 1002.27 111.364 311.622 87.237 267.368 0.748483 0.713413 0.502271 0.915033 0.305011 44.9467 4.65003 10.3457 0.718015 1.59748 0.0589065 
585.593 0.00377324 1002.27 114.249 379.317 64.7748 270.593 0.462083 0.97942 0.441215 0.92733 0.30911 43.3608 4.23945 9.77715 0.587489 1.35489 0.0207247 
227.154 0.00602116 882 113.66 198.89 87.5571 57.2511 0.252036 2.90092 0.110257 0.188838 0.0629461 38.325 4.4356 11.5737 0.502555 1.3113 0.0645679 
139.18 0.00750044 268.902 119.189 38.131 27.3969 13.8466 0.0994868 9.62877 0.0173333 0.0775053 0.0258351 39.9972 3.25069 8.12729 0.514384 1.28605 0.0674974 
231.233 0.00634165 668.182 119.189 184.887 79.9568 50.9343 0.220272 3.09591 0.106198 0.178784 0.0595948 42.1502 4.70163 11.1545 0.385714 0.915093 0.116909 
192.743 0.00733045 580.263 107.561 160.559 83.3023 84.4489 0.438142 1.61538 0.0572714 0.193163 0.0643878 38.7625 3.21227 8.28706 0.466226 1.20277 0.0420635 
216.113 0.00640851 1050 132.036 240.986 111.509 76.497 0.353968 2.03985 0.0256336 0.0881378 0.0293793 36.4623 3.16931 8.69201 0.731744 2.00685 0.0472356 
127.206 0.00788767 142.258 118.548 7.48965 5.88783 3.58115 0.0281525 35.4021 0.011116 0.0303164 0.0101055 38.7909 2.62074 6.75607 0.354158 0.912992 0.0402127 
174.629 0.00739445 1002.27 110.804 167.904 96.1493 80.849 0.462977 1.67271 0.100326 0.208681 0.0695605 41.2956 3.18207 7.70559 0.438381 1.06157 0.0454764 
188.785 0.00830688 882 90.7407 218.373 115.673 143.757 0.761482 0.837403 0.143312 0.327571 0.10919 45.691 1.91748 4.19663 0.374756 0.820197 0.0164318 
121.567 0.00822955 125.284 116.053 2.54666 2.09485 2.71151 0.0223046 44.8139 0.022778 0.0350688 0.0116896 39.0636 2.28305 5.84445 0.513964 1.31571 0.0742675 
275.516 0.00591513 1102.5 113.66 282.854 102.663 184.884 0.671046 0.914402 0.145132 0.466075 0.155358 42.3856 4.81721 11.3652 0.468662 1.10571 0.0704417 
124.187 0.00808905 142.258 115.445 8.59118 6.91794 3.25219 0.0261878 38.0125 0.00848988 0.0199343 0.00664477 41.316 1.32966 3.21826 0.208159 0.503821 0.0147087 
176.565 0.0074243 882 110.804 179.049 101.407 113.473 0.642672 1.187 0.182034 0.414157 0.138052 40.0366 2.28246 5.70093 0.425148 1.0619 0.0580068 
222.3 0.00726757 882 107.039 238.425 107.254 229.532 1.03253 0.599469 0.206708 0.757566 0.252522 46.0586 2.56273 5.56406 0.34711 0.753626 0.040492 
