371.258 0.003257 1136.36 217.391 227.203 61.1982 106.586 0.287095 2.88059 0.103708 0.240777 0.080259 3.60065 0.402372 11.175 0.948523 26.3431 0.0722391 
345.005 0.00356258 1000 147.929 210.919 61.1351 102.442 0.296929 2.74004 0.151783 0.302377 0.100792 5.20351 2.50771 48.1926 2.18469 41.985 0.150696 
317.739 0.00415077 1136.36 92.2509 221.182 69.6113 162.491 0.511397 1.48266 0.230006 0.486276 0.162092 4.1737 2.04729 49.0523 1.50457 36.0488 0.217714 
279.538 0.00449662 1041.67 97.6562 184.226 65.9035 119.366 0.427011 1.86309 0.165283 0.488692 0.162897 4.80155 2.76118 57.5061 1.73662 36.168 0.246011 
373.346 0.00373013 1136.36 160.256 279.73 74.9252 212.26 0.568535 1.26301 0.260565 0.61873 0.206243 4.24677 1.96168 46.1922 1.82558 42.9874 0.209864 
290.58 0.00416125 1086.96 113.122 169.194 58.2264 104.676 0.360231 2.29577 0.147456 0.409616 0.136539 4.29424 1.54552 35.9905 1.73981 40.5151 0.171465 
454.374 0.00356 1136.36 97.6562 343.122 75.5153 288.352 0.634613 0.974154 0.339576 1.00321 0.334403 5.35688 2.73485 51.0531 2.93216 54.7363 0.283804 
319.691 0.00364923 961.538 219.298 191.666 59.9534 132.864 0.415602 2.06249 0.142983 0.322858 0.107619 3.94867 0.975736 24.7105 1.3015 32.9604 0.0920251 
298.099 0.00416057 1000 145.349 196.9 66.0519 100.155 0.33598 2.39979 0.110707 0.272446 0.0908152 4.13125 2.02104 48.9208 1.44401 34.9534 0.209987 
254.595 0.0044 1041.67 97.6562 132.992 52.2365 63.8418 0.250758 3.55994 0.10612 0.190275 0.0634249 4.46957 2.29112 51.2603 1.87635 41.9806 0.122211 
