179.96 0.00567649 214.078 119.189 23.7311 13.1869 14.1195 0.0784592 12.4767 0.0365513 0.164581 0.0548602 36.1143 2.75522 7.62917 0.592325 1.64014 0.0373008 
174.283 0.00649534 630 138.679 110.571 63.4435 30.3963 0.174408 5.06498 0.0208467 0.0711307 0.0237102 41.2888 4.19062 10.1495 0.583401 1.41298 0.0622736 
195.906 0.00531179 319.565 143.182 42.7517 21.8226 28.2763 0.144336 6.65789 0.0811099 0.171977 0.0573258 39.6545 4.39248 11.0769 0.507783 1.28052 0.0353946 
256.661 0.00553955 918.75 133.636 233.38 90.9294 74.3645 0.289739 2.4275 0.115871 0.229232 0.0764106 37.3132 4.31489 11.564 0.511174 1.36996 0.0465536 
198.76 0.00615873 816.667 141.346 165.612 83.3227 52.0046 0.261645 3.12225 0.0322667 0.108757 0.0362524 41.0633 4.41195 10.7443 0.541485 1.31866 0.0512142 
285.005 0.00550814 1102.5 119.189 274.007 96.1413 119.033 0.417652 1.52521 0.158999 0.297642 0.0992141 41.7877 5.29378 12.6683 0.468786 1.12183 0.052828 
231.6 0.00648938 1102.5 123.876 276.187 119.251 204.942 0.884896 0.751908 0.261772 0.549767 0.183256 40.2248 3.64158 9.05308 0.4294 1.0675 0.013456 
248.583 0.00544218 882 145.066 214.059 86.1115 91.6399 0.368649 2.00513 0.0360606 0.153846 0.0512821 39.8129 2.39197 6.00802 0.411121 1.03263 0.0429948 
174.651 0.00638484 501.136 134.451 91.1728 52.203 59.6952 0.341798 2.62368 0.13382 0.292998 0.0976662 42.2924 2.90502 6.86891 0.515027 1.21778 0.0716746 
171.144 0.00683761 512.791 82.2761 100.898 58.955 74.521 0.435428 1.96253 0.141054 0.523377 0.174459 41.2872 3.60001 8.71944 0.449382 1.08843 0.0681701 
181.398 0.00653646 1002.27 91.875 154.083 84.9417 77.9843 0.429907 1.96178 0.103046 0.343562 0.114521 41.353 2.16644 5.2389 0.369062 0.892468 0.043858 
227.627 0.00615484 1102.5 132.036 246.902 108.468 164.925 0.72454 0.985138 0.184505 0.417544 0.139181 40.6263 5.11658 12.5942 0.57569 1.41703 0.055219 
215.035 0.00671958 1002.27 83.8403 238.614 110.965 100.57 0.46769 1.47976 0.158268 0.500112 0.166704 41.8268 2.64765 6.33002 0.426737 1.02025 0.10415 
159.458 0.00635299 172.266 111.364 15.8346 9.93027 7.83986 0.0491659 20.0777 0.0182035 0.0635336 0.0211779 41.8984 1.80997 4.3199 0.314071 0.7496 0.00697473 
346.331 0.00518656 1102.5 136.957 332.89 96.1189 261.749 0.755778 0.736606 0.275812 0.771418 0.257139 44.7177 1.76524 3.94751 0.214028 0.478621 0.0419168 
217.012 0.00627689 1102.5 131.25 233.866 107.767 90.6043 0.417509 1.75836 0.0884972 0.207465 0.069155 40.864 3.0819 7.54185 0.424942 1.03989 0.0537773 
205.184 0.00612245 735 140.446 167.819 81.7899 62.1154 0.302731 2.62952 0.0338624 0.117695 0.0392318 45.6346 1.06952 2.34366 0.165094 0.361773 0.000482806 
230.156 0.00600907 918.75 97.5664 203.325 88.3425 164.455 0.714537 1.01192 0.274088 0.643666 0.214555 44.1246 3.07309 6.96457 0.389122 0.881872 0.068391 
270.625 0.00583522 1102.5 86.1328 273.062 100.901 283.434 1.04733 0.604631 0.326425 1.13782 0.379275 45.2327 2.43483 5.38289 0.307752 0.680376 0.0189313 
