256.751 0.00508844 760.345 127.457 176.159 68.6109 140.817 0.548456 1.3956 0.137579 0.444262 0.148087 44.6455 2.5934 5.80887 0.267091 0.598248 0.0154584 
274.467 0.00623866 918.75 88.2 259.842 94.6713 260.993 0.950907 0.614157 0.271392 0.816772 0.272257 41.6931 1.61933 3.88392 0.343348 0.823511 0.0456917 
193.295 0.00611395 668.182 119.837 126.25 65.3147 42.839 0.221625 3.81802 0.0393139 0.109146 0.0363821 43.6 1.7133 3.92959 0.214902 0.492895 0.0141822 
315.492 0.00546395 1102.5 86.1328 290.042 91.9334 232.199 0.735989 0.788196 0.343705 1.25007 0.416691 41.4173 4.20378 10.1498 0.457665 1.10501 0.0402445 
212.203 0.00681668 816.667 80.7692 195.436 92.0986 155.333 0.732004 0.944414 0.253997 0.728808 0.242936 42.6889 3.53795 8.28776 0.598257 1.40144 0.0255386 
296.69 0.00581894 1102.5 134.451 343.824 115.887 84.0344 0.28324 2.04503 0.0836531 0.211849 0.0706162 38.9084 2.05182 5.27346 0.350349 0.900445 0.0135118 
323.076 0.0060771 1002.27 82.5843 343.488 106.318 170.25 0.526965 0.966535 0.437042 0.816877 0.272292 42.7353 1.35815 3.17806 0.193856 0.453621 0.0363669 
286.434 0.00666919 1102.5 82.2761 344.175 120.158 211.26 0.737551 0.709758 0.259936 0.572213 0.190738 41.9263 3.59251 8.56863 0.506153 1.20725 0.0430559 
176.253 0.00704082 501.136 103.521 113.34 64.3055 83.3142 0.472698 1.70474 0.164412 0.48438 0.16146 41.5904 2.59292 6.23442 0.504552 1.21315 0.0693611 
144.713 0.00715042 183.75 93.8298 24.1338 16.677 20.3428 0.140574 6.87475 0.0415433 0.195349 0.0651163 42.7242 3.9725 9.29802 0.4519 1.05772 0.00468233 
374.613 0.00518244 918.75 107.561 302.778 80.8241 172.72 0.461061 1.11718 0.380043 0.67091 0.223637 45.7768 1.71096 3.73762 0.249964 0.546048 0.0163125 
244.205 0.00715856 882 88.5542 246.487 100.934 224.646 0.919907 0.621836 0.35731 0.926103 0.308701 43.9706 2.1871 4.97401 0.464302 1.05594 0.0437062 
257.684 0.00667962 882 93.4322 245.199 95.155 194.878 0.756268 0.768217 0.351154 0.626334 0.208778 44.6242 2.30686 5.16952 0.508564 1.13966 0.0504526 
357.847 0.00536797 1102.5 116.053 366.667 102.465 464.326 1.29755 0.401206 0.491946 1.43531 0.478438 44.0369 4.69434 10.66 0.396491 0.90036 0.054102 
