201.479 0.0068254 918.75 127.457 216.311 107.361 74.1163 0.367861 1.97678 0.0355482 0.118272 0.0394241 42.1736 2.9071 6.89318 0.484462 1.14873 0.0559334 
147.919 0.00690579 180.738 121.154 21.752 14.7053 7.37061 0.0498287 19.6464 0.0277697 0.0372139 0.0124046 44.8088 1.08332 2.41765 0.191941 0.428356 0.0322968 
174.53 0.00628118 501.136 126.724 81.1903 46.5193 26.7224 0.15311 5.95777 0.0263022 0.0798736 0.0266245 40.6035 4.53863 11.1779 0.436433 1.07487 0.0716193 
149.109 0.00720117 355.645 122.5 57.9353 38.8544 20.29 0.136075 6.84408 0.0193972 0.0635028 0.0211676 40.2307 3.40079 8.45323 0.395065 0.982 0.0251501 
222.795 0.0068357 1102.5 125.284 278.232 124.883 196.481 0.881895 0.744553 0.220644 0.450409 0.150136 41.7565 2.81536 6.74232 0.365582 0.875509 0.00953649 
142.216 0.00716553 177.823 122.5 20.2441 14.2347 5.53226 0.0389004 25.226 0.0124774 0.0267229 0.00890764 36.1103 3.52976 9.77495 0.748348 2.0724 0.0673957 
148.683 0.00677162 176.4 133.636 12.6712 8.52228 3.00993 0.020244 49.0626 0.00980828 0.0192801 0.00642669 36.7526 2.72478 7.41385 0.50187 1.36553 0.0534458 
244.867 0.00585034 787.5 119.837 192.503 78.6155 118.846 0.485348 1.43825 0.199612 0.348837 0.116279 44.6 5.8674 13.1556 0.686003 1.53812 0.0891855 
211.122 0.00754071 1102.5 117.287 281.897 133.523 198.343 0.939471 0.668607 0.233008 0.450398 0.150133 41.3413 2.46147 5.95403 0.363702 0.879755 0.0866994 
200.585 0.00727513 1002.27 115.445 241.775 120.535 161.151 0.803404 0.852955 0.163636 0.388987 0.129662 41.5599 3.32405 7.9982 0.557743 1.34202 0.0467369 
139.393 0.00801361 501.136 111.364 83.2046 59.6907 42.8974 0.307745 2.90898 0.0914686 0.196504 0.0655013 39.4826 1.79376 4.54317 0.224747 0.569231 0.0190869 
153.666 0.00660387 169.615 123.184 17.6596 11.4922 4.50051 0.0292877 33.6465 0.0212127 0.0287182 0.00957275 45.7784 3.80326 8.30797 0.375472 0.820195 0.0286729 
161.143 0.00800605 760.345 110.25 160.319 99.4884 97.2365 0.603416 1.28455 0.0595303 0.26101 0.0870033 45.9623 2.05098 4.46231 0.309894 0.674234 0.0300388 
