179.662 0.00721844 668.182 86.1328 149.323 83.1133 108.101 0.601689 1.28153 0.134764 0.436649 0.14555 39.4854 2.85556 7.23194 0.505383 1.27992 0.0573223 
185.253 0.00689342 1002.27 116.667 189.179 102.12 54.5868 0.294661 2.65752 0.0308388 0.110015 0.0366715 38.9927 2.46499 6.32168 0.361607 0.927371 0.03369 
170.696 0.00609977 324.265 139.557 44.2245 25.9084 17.0724 0.100016 9.60268 0.024684 0.0737299 0.0245766 42.0844 3.05263 7.25359 0.301645 0.716761 0.0402783 
254.136 0.00641804 1102.5 80.7692 274.649 108.072 137.154 0.53969 1.13602 0.183451 0.476317 0.158772 36.2381 4.38585 12.1029 0.424711 1.172 0.0616579 
273.442 0.00681406 1002.27 110.804 317.978 116.287 165.688 0.605934 0.885733 0.103827 0.350083 0.116694 39.7335 5.00389 12.5936 0.586731 1.47667 0.0566313 
296.861 0.00642754 1002.27 86.1328 285.662 96.2277 217.867 0.733904 0.714107 0.375055 0.8534 0.284467 40.5548 4.68586 11.5544 0.528475 1.30311 0.0865168 
245.95 0.00580499 816.667 131.25 212.634 86.4542 147.212 0.598543 1.17019 0.16 0.390625 0.130208 35.7245 6.4236 17.9809 0.561898 1.57287 0.0690604 
317.615 0.00609221 1002.27 106.01 300.699 94.674 162.181 0.510622 1.0121 0.336606 0.583623 0.194541 38.5921 4.69865 12.1752 0.548573 1.42146 0.0567844 
295.441 0.00661151 1102.5 108.088 334.481 113.214 199.114 0.673955 0.759623 0.249768 0.489374 0.163125 37.1869 2.52871 6.79998 0.434547 1.16855 0.0416473 
260.463 0.00643019 816.667 107.561 225.09 86.4193 169.509 0.650798 0.917453 0.292554 0.656507 0.218836 39.9514 3.57037 8.93678 0.397859 0.995856 0.076966 
154.252 0.00732048 424.038 110.804 82.1371 53.2486 32.8068 0.212683 4.16386 0.0387197 0.123283 0.0410945 39.0906 2.87414 7.3525 0.27829 0.711909 0.0429004 
251.956 0.00652683 1102.5 109.158 272.026 107.966 218.058 0.865458 0.70263 0.257788 0.621193 0.207064 37.6821 3.361 8.91936 0.468521 1.24335 0.0488904 
452.474 0.00475842 1102.5 118.548 384.602 85 424.009 0.937091 0.495635 0.714598 1.40363 0.467875 35.1361 3.44865 9.81512 0.485984 1.38315 0.087982 
227.846 0.00644639 787.5 98 214.702 94.2314 104.146 0.45709 1.4895 0.0676784 0.273786 0.0912619 37.4556 4.20821 11.2352 0.770499 2.0571 0.116653 
254.145 0.0072306 1102.5 107.039 329.759 129.752 150.214 0.591056 0.920693 0.156144 0.475191 0.158397 38.9014 2.91238 7.48657 0.372884 0.958538 0.0239928 
240.686 0.00645735 668.182 88.9113 194.355 80.7504 182.406 0.757858 0.848998 0.306057 0.851088 0.283696 41.1864 1.63756 3.97596 0.249401 0.60554 0.0353738 
635.434 0.00392496 1102.5 105 450.211 70.851 306.501 0.482348 0.831253 0.406393 1.34804 0.449346 40.6158 2.81578 6.93272 0.442762 1.09012 0.0285194 
369.893 0.00552754 1102.5 117.914 376.45 101.773 98.7362 0.266932 1.83228 0.149577 0.256532 0.0855105 40.8893 1.72631 4.22191 0.307257 0.751436 0.0376685 
368.375 0.00613069 1102.5 96.7105 352.635 95.7272 503.846 1.36775 0.323737 0.639773 1.8321 0.6107 42.4995 2.05341 4.83161 0.235232 0.553495 0.000450765 
