373.2 0.00485022 1002.27 116.053 322.158 86.3232 178.371 0.47795 1.15589 0.335624 0.765174 0.255058 42.6358 2.84975 6.68394 0.478893 1.12322 0.0416705 
176.985 0.00632653 386.842 121.154 77.0892 43.5569 60.9426 0.344338 2.59366 0.110292 0.401882 0.133961 40.9768 5.47844 13.3696 0.514362 1.25525 0.0445405 
321.076 0.00566893 1002.27 119.837 309.643 96.4391 414.28 1.29029 0.425799 0.3952 1.4752 0.491733 43.0971 2.49048 5.77875 0.22535 0.522889 0.0137697 
259.009 0.0056125 1002.27 115.445 244.778 94.5058 73.1782 0.282532 2.43479 0.162042 0.340882 0.113627 41.1937 4.39889 10.6786 0.458794 1.11375 0.0474447 
428.537 0.00471277 1102.5 106.522 386.46 90.1813 578.114 1.34904 0.367037 0.668565 1.98236 0.660786 45.2802 5.40359 11.9336 0.451576 0.99729 0.0675593 
231.155 0.00603553 882 120.492 206.302 89.2485 150.146 0.649546 1.1035 0.184847 0.449343 0.149781 44.13 4.44196 10.0656 0.64124 1.45307 0.0539599 
283.436 0.005548 882 134.451 265.887 93.8085 90.3305 0.318698 1.9954 0.0987057 0.283651 0.0945504 45.4323 5.20393 11.4543 0.602872 1.32697 0.0618489 
321.451 0.00549577 1050 106.01 281.551 87.5875 264.652 0.823304 0.687536 0.409538 0.835292 0.278431 45.6557 5.28465 11.575 0.726125 1.59044 0.055185 
185.219 0.00675132 711.29 94.2308 145.981 78.8156 59.6427 0.322012 2.48344 0.101372 0.281098 0.0936994 41.9848 5.42552 12.9226 0.540726 1.28791 0.0257197 
234.571 0.0061869 882 123.876 222.727 94.9506 123.48 0.526406 1.30898 0.342078 0.650236 0.216745 42.5016 3.31761 7.80583 0.310396 0.730315 0.0574597 
154.303 0.00722325 393.75 124.576 76.0083 49.2592 28.241 0.183023 4.90216 0.0355186 0.0781329 0.0260443 43.9347 4.47769 10.1917 0.416101 0.947091 0.056885 
313.946 0.0059675 1050 94.2308 326.189 103.9 342.339 1.09044 0.489498 0.31482 1.07156 0.357188 45.9363 4.53657 9.87578 0.594075 1.29326 0.00684698 
355.391 0.00557823 1102.5 103.521 364.966 102.694 231.511 0.651426 0.77434 0.365989 0.772144 0.257381 45.1081 2.07749 4.60557 0.244641 0.542343 0.0266895 
239.066 0.00681873 882 86.1328 251.112 105.039 222.99 0.932756 0.657674 0.240153 0.805216 0.268405 48.5839 3.57088 7.34992 0.300886 0.619313 0.0527193 
280.388 0.00658643 1102.5 86.811 331.749 118.318 331.373 1.18184 0.458177 0.35193 1.09731 0.365771 43.5152 1.63407 3.75518 0.338153 0.777092 0.00717443 
216.95 0.0069418 1102.5 86.1328 247.581 114.119 165.093 0.760972 0.872567 0.230915 0.366859 0.122286 41.492 1.99936 4.81866 0.459898 1.1084 0.0397598 
232.283 0.00600367 918.75 106.522 202.167 87.0348 115.024 0.495186 1.44809 0.155967 0.382866 0.127622 43.1802 5.20597 12.0564 0.595945 1.38013 0.0708325 
245.569 0.00568621 882 123.184 186.81 76.072 156.457 0.63712 1.12404 0.289095 0.730406 0.243469 46.1211 4.01097 8.6966 0.348306 0.755199 0.0493562 
227.55 0.00660411 1002.27 86.1328 239.203 105.121 175.52 0.771347 0.862699 0.188435 0.587778 0.195926 45.3469 3.39521 7.48718 0.346823 0.764823 0.0341208 
229.323 0.00639456 1102.5 121.154 256.565 111.879 195.787 0.85376 0.798741 0.298976 0.647324 0.215775 45.0052 2.04269 4.5388 0.381632 0.847974 0.0274703 
204.619 0.0057808 501.136 121.823 98.2001 47.9916 127.029 0.620807 1.36179 0.286421 1.02289 0.340964 46.6334 2.73755 5.87036 0.148304 0.31802 0.0290998 
153.98 0.00715986 262.5 88.5542 53.623 34.8248 58.7447 0.38151 2.37753 0.177778 0.461034 0.153678 45.3316 2.84327 6.27216 0.193922 0.427786 0.0228185 
