312.889 0.00773394 1002.27 82.8947 364.702 116.559 202.017 0.645649 0.640048 0.285948 0.671649 0.223883 38.4627 2.80127 7.28308 0.427076 1.11036 0.0500267 
315.003 0.00617536 1102.5 89.6341 323.536 102.709 355.041 1.1271 0.456099 0.402632 1.27711 0.425704 36.2815 2.69053 7.41572 0.590274 1.62693 0.0265066 
599.211 0.00450889 1102.5 95.8696 438.923 73.2502 574.109 0.958109 0.38631 1.00529 2.3057 0.768567 37.8233 1.95864 5.1784 0.325707 0.861128 0.0564457 
524.261 0.00498333 1002.27 84.4828 388.264 74.0594 415.725 0.792974 0.482697 0.798056 1.66481 0.554937 37.9729 1.85867 4.89472 0.271942 0.716147 0.0353118 
422.233 0.00642047 1102.5 85.1351 418.071 99.0145 375.142 0.888473 0.415181 0.553867 1.32498 0.441659 35.5935 2.25948 6.34802 0.199343 0.560054 0.0263794 
395.668 0.00711606 1102.5 85.1351 405.414 102.463 486.883 1.23053 0.288626 0.533885 1.71508 0.571692 35.6248 2.85558 8.01572 0.673177 1.88963 0.0864456 
221.397 0.00773036 490 85.4651 174.043 78.6114 105.648 0.477189 1.22444 0.222933 0.495407 0.165136 38.4974 1.99288 5.17667 0.447055 1.16126 0.0214714 
245.742 0.00744898 882 81.3653 248.898 101.284 289.195 1.17682 0.464208 0.390259 1.35647 0.452156 33.5411 2.14345 6.39051 0.399404 1.19079 0.00879583 
373.173 0.00622649 1102.5 86.811 341.098 91.4048 250.655 0.671686 0.640737 0.436346 1.0032 0.3344 33.879 2.83578 8.3703 0.40763 1.20319 0.0283117 
205.07 0.00807904 1050 84.4828 251.253 122.521 84.0931 0.410071 1.4719 0.110024 0.217522 0.0725074 30.5061 2.82428 9.25807 0.549943 1.80273 0.0543955 
445.168 0.00646678 1050 82.8947 414.387 93.0856 555.98 1.24892 0.278133 0.727155 1.94119 0.647065 34.497 2.10204 6.0934 0.39401 1.14216 0.0317049 
384.025 0.00634597 1002.27 80.7692 350.814 91.3518 366.623 0.954686 0.429816 0.380766 1.05232 0.350774 36.1176 1.78767 4.94959 0.380603 1.05379 0.0257028 
219.867 0.00749919 816.667 98.4375 226.847 103.175 137.068 0.623416 0.972856 0.200657 0.436429 0.145476 30.9736 3.83569 12.3837 0.75031 2.42241 0.13247 
420.441 0.00657218 1102.5 87.5 404.663 96.2473 307.708 0.73187 0.494483 0.478551 0.840483 0.280161 35.2667 2.42679 6.88125 0.255865 0.725513 0.0473927 
379.923 0.00676039 1002.27 82.5843 380.146 100.059 340.049 0.895048 0.434997 0.414946 1.15281 0.384271 34.128 2.45358 7.18935 0.474057 1.38906 0.0489706 
365.77 0.00634618 1102.5 87.8486 355.135 97.0924 458.675 1.254 0.343544 0.518429 1.87012 0.623374 33.3715 2.51503 7.53646 0.417654 1.25153 0.0405201 
447.738 0.00671202 1102.5 80.4745 441.737 98.6598 297.383 0.664191 0.500992 0.408301 0.83033 0.276777 36.131 2.9218 8.08668 0.506856 1.40283 0.0198178 
93.2783 0.0107634 103.037 84.4828 5.88575 6.30988 3.93352 0.0421697 23.6194 0.024668 0.0593129 0.019771 31.5857 1.52711 4.83482 0.311004 0.984637 0.0389345 
