197.714 0.00514873 214.078 120.492 21.9509 11.1023 10.0865 0.0510156 19.2557 0.0204623 0.123903 0.0413011 41.3791 1.84188 4.45122 0.277062 0.669568 0.00466518 
182.975 0.00570295 350 163.333 50.4408 27.567 19.5443 0.106814 8.97182 0.0149105 0.0874751 0.0291584 41.153 1.75627 4.26765 0.355046 0.862748 0.0241661 
181.049 0.00560631 222.727 153.125 22.3991 12.3718 5.47036 0.0302148 32.6067 0.0121816 0.0229908 0.00766361 37.0525 2.30409 6.21844 0.348561 0.940723 0.0196007 
227.975 0.00619222 1102.5 93.4322 253.396 111.151 167.063 0.732812 0.96666 0.197258 0.537977 0.179326 40.9683 3.31572 8.09337 0.456005 1.11307 0.0474474 
180.58 0.00558648 229.688 165.789 18.1237 10.0364 9.2398 0.0511673 19.3731 0.0157723 0.0478065 0.0159355 39.4714 1.36489 3.45791 0.284884 0.721748 0.0459091 
284.738 0.00461613 1002.27 168.321 231.1 81.1623 102.004 0.358238 2.12376 0.0522667 0.158012 0.0526706 34.9619 3.40327 9.73423 0.568355 1.62564 0.0154824 
232.788 0.00528963 648.529 157.5 149.776 64.3403 51.5761 0.221559 3.66544 0.0744683 0.151468 0.0504893 37.5009 2.70529 7.21394 0.422008 1.12533 0.0217598 
185.74 0.00552463 250.568 158.633 32.5856 17.5437 18.387 0.0989933 9.84431 0.0297868 0.0638474 0.0212825 38.6696 2.37931 6.15292 0.547263 1.41523 0.051491 
239.047 0.00540613 1102.5 126 225.597 94.3734 75.8147 0.317153 2.43983 0.103639 0.209269 0.0697564 38.6602 2.96621 7.67251 0.464609 1.20178 0.0466048 
233.794 0.00508983 816.667 167.045 168.48 72.0637 61.2337 0.261913 3.20853 0.0590054 0.150664 0.0502212 39.312 3.50069 8.9049 0.694842 1.76751 0.0225122 
165.849 0.00613677 180.738 96.2882 17.5612 10.5886 5.92742 0.0357398 27.4912 0.0156671 0.0508614 0.0169538 38.3759 1.81536 4.73047 0.231656 0.60365 0.018512 
