362.576 0.00453263 1002.27 123.184 306.682 84.5841 211.836 0.584253 1.04148 0.253712 0.512785 0.170928 49.2497 4.88781 9.92454 0.365326 0.741782 0.0357068 
302.709 0.00495238 958.696 136.111 272.91 90.1559 220.733 0.729194 0.914783 0.225275 0.702311 0.234104 45.6844 4.86074 10.6398 0.468131 1.02471 0.0272438 
255.848 0.00496677 1102.5 130.473 200.21 78.2537 86.6564 0.338703 2.32341 0.107673 0.243155 0.0810516 48.2759 4.39815 9.11045 0.369326 0.765032 0.0496634 
143.747 0.00702536 159.783 108.088 12.9988 9.04286 11.5869 0.0806064 12.2847 0.085949 0.178599 0.0595331 49.7353 4.84091 9.73335 0.478764 0.962624 0.0785738 
381.031 0.0040155 1002.27 124.576 287.136 75.3576 286.076 0.750794 0.870521 0.358814 0.985668 0.328556 50.1205 6.03336 12.0377 0.383244 0.764645 0.0272365 
260.711 0.00583522 918.75 119.837 247.986 95.1192 201.738 0.773799 0.849485 0.242911 0.759267 0.253089 52.87 3.35517 6.34607 0.455435 0.861425 0.0165942 
675.494 0.00304901 1002.27 129.706 384.814 56.9677 396.401 0.586832 0.827381 0.829977 2.04722 0.682408 53.41 4.5745 8.56488 0.377974 0.707684 0.050485 
276.721 0.00474981 918.75 147 205.37 74.2153 145.53 0.525908 1.44668 0.0933974 0.35034 0.11678 48.0066 5.60931 11.6845 0.490368 1.02146 0.0242057 
282.583 0.00524263 1102.5 124.576 248.696 88.0082 124.762 0.441504 1.52887 0.250541 0.414744 0.138248 50.1286 2.2665 4.52137 0.195413 0.389823 0.0234208 
442.626 0.00446918 1102.5 87.5 361.466 81.6639 290.856 0.657114 0.769298 0.486505 0.885096 0.295032 51.7445 5.01133 9.68476 0.466248 0.901057 0.102401 
491.243 0.00425892 1002.27 127.457 398.841 81.1901 307.23 0.625414 0.764252 0.355359 0.778531 0.25951 51.5086 2.73535 5.31048 0.308421 0.598775 0.0295847 
206.734 0.00602494 882 134.451 173.212 83.7848 37.6087 0.181918 4.41326 0.030151 0.0841868 0.0280623 48.5999 3.08606 6.34994 0.297176 0.611475 0.025255 
370.865 0.00516218 1102.5 98.4375 365.27 98.4912 280.172 0.755456 0.69142 0.267814 0.731693 0.243898 52 5.48223 10.5428 0.690024 1.32697 0.09048 
436.124 0.0046901 1002.27 147.987 400.335 91.7937 77.8544 0.178514 2.73864 0.173328 0.240774 0.0802579 50.1037 1.63454 3.26233 0.297195 0.593159 0.0558198 
342.808 0.00510379 1102.5 147.987 342.495 99.9087 271.368 0.791604 0.722019 0.240313 0.567079 0.189026 49.8731 4.32819 8.67839 0.468844 0.940073 0.0298499 
386.683 0.00471306 1002.27 138.679 332.539 85.9977 250.618 0.648123 0.846611 0.474069 1.06722 0.355741 47.8796 2.67538 5.58773 0.395701 0.826451 0.0338774 
273.076 0.00495303 958.696 119.837 221.442 81.0916 182.009 0.666513 1.10927 0.151262 0.545564 0.181855 49.3351 4.366 8.84969 0.552246 1.11938 0.0608895 
280.379 0.00527211 1002.27 130.473 275.151 98.1352 126.891 0.45257 1.4948 0.149534 0.348387 0.116129 50.7654 2.60632 5.13404 0.184329 0.3631 0.017409 
325.415 0.00579048 1102.5 86.1328 351.25 107.939 230.175 0.707329 0.750286 0.293442 0.592854 0.197618 49.631 1.72893 3.48356 0.192988 0.388845 0.0227428 
306.239 0.00529856 1002.27 120.492 269.68 88.0619 333.963 1.09053 0.565124 0.561698 1.39601 0.465335 53.5996 2.71419 5.06382 0.234138 0.436828 0.0251522 
245.558 0.00564832 918.75 128.198 220.862 89.9429 122.367 0.498322 1.44683 0.17756 0.482644 0.160881 49.6153 2.4362 4.91018 0.211545 0.42637 0.0362558 
