141.443 0.00711262 156.383 120.492 10.5765 7.47758 10.8215 0.0765081 12.9922 0.0631243 0.129437 0.0431456 36.9837 2.31016 6.24642 0.418419 1.13136 0.0584161 
233.738 0.00631519 1002.27 125.284 244.881 104.767 155.611 0.665752 1.01759 0.147816 0.34932 0.11644 37.5468 1.85812 4.94882 0.218057 0.580761 0.0219236 
212.963 0.00686319 1002.27 91.875 233.349 109.572 128.68 0.604235 1.13231 0.15758 0.419082 0.139694 37.3638 1.67963 4.49533 0.270917 0.725079 0.017547 
207.933 0.00698413 787.5 104.009 196.547 94.5242 94.8054 0.455941 1.51027 0.0686688 0.270779 0.0902597 37.5679 3.83608 10.2111 0.784915 2.08933 0.0460468 
419.477 0.00486498 1102.5 115.445 361.599 86.2022 465.909 1.11069 0.441182 0.530024 1.74633 0.582109 42.6753 4.88661 11.4507 0.701689 1.64425 0.0612091 
146.283 0.0069004 167.045 127.457 14.2394 9.73413 5.3911 0.0368539 26.8812 0.0175261 0.0412262 0.0137421 38.3713 5.35331 13.9513 0.579136 1.5093 0.0684449 
160.621 0.00719199 400.909 116.053 83.3937 51.9197 54.6885 0.340482 2.54247 0.23773 0.330426 0.110142 41.6616 2.68791 6.45176 0.355709 0.853804 0.0208721 
153.911 0.0074578 735 108.088 108.501 70.496 46.721 0.303558 2.86997 0.0700465 0.179571 0.0598569 41.6633 3.07767 7.38701 0.346802 0.832392 0.0250439 
263.023 0.00696764 1002.27 104.502 301.658 114.689 253.334 0.963164 0.566528 0.256822 0.687771 0.229257 40.2008 1.70083 4.23084 0.32794 0.815756 0.00416329 
460.468 0.00543462 1102.5 114.249 418.213 90.8236 518.586 1.12622 0.354822 0.646732 1.77163 0.590542 38.9325 3.21875 8.26751 0.475978 1.22257 0.0810464 
162.776 0.00733182 501.136 85.1351 103.976 63.8768 86.3967 0.53077 1.57867 0.120619 0.52701 0.17567 40.2528 5.0131 12.454 0.622423 1.54628 0.0432513 
196.824 0.00713908 648.529 107.561 167.016 84.8555 170.207 0.864766 0.822963 0.375119 0.834092 0.278031 41.8365 1.79586 4.29256 0.35442 0.847155 0.0187271 
166.027 0.00775692 1102.5 106.01 192.592 116.001 89.3441 0.538131 1.44293 0.0913738 0.225983 0.0753277 37.9342 4.16259 10.9732 0.55058 1.45141 0.0455437 
185.629 0.00775161 958.696 109.701 223.399 120.347 71.3733 0.384494 1.80747 0.0261326 0.100524 0.0335079 38.3523 4.17976 10.8983 0.590808 1.54048 0.0756199 
297.274 0.00659486 1102.5 113.66 361.946 121.755 372.984 1.25468 0.40654 0.373754 0.991633 0.330544 41.2524 4.29734 10.4172 0.609579 1.47768 0.00484457 
149.74 0.00802073 501.136 83.2075 100.235 66.9394 72.694 0.485467 1.71509 0.245735 0.46318 0.154393 39.479 2.84457 7.20527 0.579723 1.46843 0.043525 
136.228 0.00808768 334.091 86.1328 60.5788 44.4688 46.9314 0.344507 2.63459 0.0957477 0.378505 0.126168 40.0316 1.9242 4.8067 0.306505 0.765656 0.0272278 
