312.444 0.0036968 1111.11 84.7458 154.487 49.4446 91.8125 0.293853 2.94627 0.174688 0.48009 0.16003 3.82919 1.30342 34.0392 1.53789 40.1624 0.127568 
297.356 0.00383438 1111.11 181.818 175.126 58.8944 97.5155 0.327943 2.67443 0.0758179 0.192122 0.0640406 3.70776 0.657165 17.7241 1.09584 29.5553 0.103066 
373.916 0.00453333 833.333 96.1538 255.256 68.2656 314.1 0.840028 0.702287 0.45 1.29485 0.431618 6.51219 3.12265 47.9508 2.99842 46.0432 0.261492 
311.643 0.00369412 1111.11 111.111 156.669 50.2721 87.4414 0.280582 3.09579 0.155123 0.384534 0.128178 3.70369 0.887092 23.9516 1.22951 33.1968 0.116484 
681.52 0.00238125 1111.11 84.0336 314.913 46.2075 354.153 0.519652 1.18578 0.334558 0.794901 0.264967 6.06807 2.59283 42.7292 2.55702 42.1389 0.166816 
338.264 0.00382667 500 88.4956 110.49 32.6638 137.285 0.405851 1.90351 0.670415 1.51166 0.503886 3.94083 1.52976 38.8182 1.9555 49.6215 0.393092 
324.091 0.00365775 1111.11 126.582 171.912 53.0445 100.827 0.311106 2.71151 0.195129 0.435843 0.145281 3.58572 0.581579 16.2193 1.18149 32.9499 0.104128 
262.164 0.00444545 454.545 89.2857 88.8502 33.8911 93.4108 0.356308 2.40817 0.181887 0.444899 0.1483 4.2908 1.26088 29.3856 2.63778 61.4753 0.256236 
362.63 0.00310417 833.333 238.095 163.203 45.0055 75.6979 0.208747 4.2557 0.0947114 0.19036 0.0634533 3.68559 0.632118 17.1511 0.995384 27.0074 0.0587177 
308.223 0.00365455 1111.11 227.273 181.744 58.9651 53.7293 0.17432 5.09278 0.0562465 0.10398 0.03466 3.78847 1.13956 30.0798 2.32035 61.2477 0.151991 
