214.066 0.00469562 245 196.875 15.7137 7.34061 4.15822 0.019425 51.2153 0.00558032 0.00965825 0.00321942 37.4499 1.0181 2.71856 0.169532 0.45269 0.0084227 
198.146 0.00516359 245 147 29.3706 14.8227 8.63219 0.0435647 22.4351 0.0207691 0.0508486 0.0169495 36.1401 2.48741 6.88269 0.510297 1.412 0.0415707 
173.537 0.00601757 222.727 99.7738 31.9707 18.423 30.1899 0.173967 5.50449 0.171581 0.440886 0.146962 36.5605 1.35924 3.71778 0.178631 0.48859 0.0305603 
183.515 0.00549962 212.019 160.949 17.8744 9.74002 6.76532 0.0368652 26.8769 0.0160428 0.0317165 0.0105722 34.6929 2.34755 6.76667 0.605596 1.74559 0.0566868 
190.093 0.00528551 206.075 168.321 12.9977 6.83756 3.77542 0.0198609 50.1128 0.0100513 0.0247877 0.00826255 33.4855 2.07399 6.1937 0.216888 0.647708 0.0178413 
192.661 0.00611547 648.529 140.446 132.014 68.5212 45.455 0.235932 3.5974 0.0278507 0.0903386 0.0301129 35.0742 2.2447 6.39986 0.499749 1.42483 0.0555731 
167.172 0.00607985 186.864 86.1328 16.5603 9.90615 7.19759 0.043055 22.8518 0.0211947 0.060637 0.0202123 36.7952 2.69247 7.31744 0.544723 1.48042 0.0552403 
174.058 0.00575208 182.231 159.783 5.92365 3.40327 3.80814 0.0218786 45.6523 0.0100526 0.0220762 0.00735874 33.4541 2.09303 6.25643 0.471364 1.40899 0.0732789 
161.645 0.00623757 208.019 148.986 16.0354 9.92014 13.4831 0.0834117 11.8904 0.0504101 0.134177 0.0447258 35.586 2.98935 8.40036 0.743305 2.08876 0.119965 
163.518 0.00614611 185.294 143.182 11.3471 6.93939 4.98595 0.0304918 32.6326 0.0151461 0.0319752 0.0106584 35.7082 2.09513 5.86737 0.539331 1.51038 0.0585065 
154.507 0.00663781 182.231 106.01 22.9196 14.834 12.4817 0.0807838 12.0699 0.0409938 0.0964113 0.0321371 38.174 3.32388 8.70717 0.597962 1.56641 0.0591203 
166.211 0.0060393 182.231 152.069 10.2553 6.17007 3.50514 0.0210885 47.2397 0.00694618 0.0142678 0.00475594 36.3888 1.46591 4.02846 0.193892 0.532834 0.0397701 
