234.662 0.00633841 958.696 108.621 239.797 102.188 138.181 0.588852 1.14175 0.165239 0.308796 0.102932 38.2668 3.8752 10.1268 0.700071 1.82945 0.0751538 
160.356 0.00635187 191.739 103.521 19.5342 12.1817 13.2498 0.0826275 11.8819 0.0434982 0.138037 0.0460124 35.6578 4.09911 11.4957 0.566193 1.58785 0.0897754 
198.686 0.00670392 1102.5 134.451 214.48 107.949 97.8205 0.492337 1.5249 0.0752597 0.19228 0.0640933 36.8255 2.96557 8.05305 0.239179 0.649492 0.023358 
214.558 0.00668316 689.062 98 179.131 83.4886 105.501 0.491714 1.41828 0.152393 0.563233 0.187744 37.1882 1.82486 4.90709 0.238703 0.641876 0.0676237 
225.106 0.00603822 1102.5 126 225.328 100.098 128.42 0.570484 1.28961 0.125032 0.30201 0.10067 35.2217 3.81282 10.8252 0.414973 1.17818 0.0504533 
234.231 0.00565274 816.667 126.724 190.856 81.4818 108.51 0.463261 1.63031 0.141524 0.254059 0.0846864 36.7591 4.62521 12.5825 0.448051 1.21889 0.0536507 
268.438 0.00605064 918.75 128.947 266.643 99.3315 131.669 0.4905 1.25521 0.100625 0.189631 0.0632105 38.7753 3.48592 8.99005 0.513452 1.32417 0.0238277 
217.339 0.00633913 816.667 117.287 190.301 87.5593 137.065 0.630651 1.15092 0.192448 0.485592 0.161864 39.2063 5.07245 12.9378 0.676738 1.72609 0.0450977 
205.571 0.00620883 787.5 128.947 171.165 83.2632 92.4286 0.449618 1.74254 0.0841289 0.223744 0.0745812 36.0033 2.45305 6.81341 0.366111 1.01688 0.0609331 
220.824 0.00652413 882 95.4545 206.847 93.6703 158.705 0.718693 0.965799 0.261648 0.733366 0.244455 39.8311 2.57671 6.46907 0.423411 1.06301 0.0463319 
150.795 0.00676304 204.167 115.445 21.7886 14.4492 14.5492 0.0964836 10.1629 0.0615814 0.168603 0.0562009 34.0237 4.10749 12.0725 0.595794 1.75111 0.0252104 
172.112 0.00723608 848.077 122.5 164.207 95.4073 86.708 0.503789 1.59381 0.0381417 0.189197 0.0630658 40.1544 1.91576 4.77098 0.228874 0.569984 0.0150107 
243.058 0.00601113 1050 126.724 258.292 106.268 198.136 0.815179 0.839617 0.359338 0.507164 0.169055 45.5789 3.4415 7.55066 0.387318 0.849776 0.0336889 
219.821 0.0058792 612.5 121.823 144.869 65.9032 165.597 0.753328 1.02714 0.206953 0.910238 0.303413 43.2838 3.16561 7.31361 0.455207 1.05168 0.0153188 
235.049 0.00612348 1102.5 126 233.397 99.297 133.558 0.568212 1.22273 0.101353 0.329045 0.109682 35.44 3.20743 9.05029 0.463384 1.30752 0.0385156 
245.042 0.00624179 958.696 121.823 245.248 100.084 166.877 0.681015 0.960049 0.25343 0.471421 0.15714 39.4335 3.97732 10.0861 0.537649 1.36343 0.0887781 
131.979 0.00758017 136.111 127.457 2.71652 2.05829 1.62323 0.0122991 81.272 0.00646154 0.0174501 0.00581671 36.251 1.16972 3.22672 0.197384 0.544492 0.0249858 
278.08 0.00592867 882 128.947 284.882 102.446 227.922 0.819627 0.740043 0.288496 0.595812 0.198604 38.7519 5.80264 14.9738 0.897657 2.31642 0.0383241 
265.534 0.00595805 882 105.502 235.98 88.87 226.024 0.851205 0.742577 0.297621 0.951475 0.317158 37.1416 3.55046 9.55924 0.671539 1.80805 0.0953982 
259.921 0.00567865 882 138.679 243.877 93.8272 75.0038 0.288563 2.34786 0.0798631 0.236262 0.0787539 36.2412 3.95578 10.9151 0.646899 1.78498 0.0701953 
306.461 0.00586271 848.077 128.198 288.197 94.0401 141.136 0.460536 1.20854 0.122443 0.344663 0.114888 37.6163 1.87777 4.99189 0.374995 0.996894 0.00451866 
149.48 0.00723278 501.136 94.2308 68.4509 45.7926 21.4664 0.143607 6.44075 0.0639066 0.183231 0.0610771 38.2374 3.45361 9.03201 0.532697 1.39313 0.0734495 
205.565 0.00658421 848.077 119.189 203.47 98.981 79.4277 0.386387 1.91216 0.0368011 0.185974 0.0619912 41.6984 3.55609 8.52811 0.495489 1.18827 0.0950087 
151.145 0.0070336 188.462 83.8403 33.1386 21.925 20.7652 0.137386 6.84677 0.101139 0.298033 0.0993444 43.7388 4.83578 11.056 0.505221 1.15508 0.00145863 
203.671 0.00601113 668.182 128.947 148.081 72.7061 54.8052 0.269087 3.03544 0.032765 0.100594 0.0335315 38.0407 4.10829 10.7997 0.553699 1.45554 0.0848786 
236.788 0.00605562 882 81.3653 194.384 82.092 136.787 0.577677 1.20725 0.16576 0.553317 0.184439 40.1354 3.60183 8.97418 0.313812 0.781883 0.0292271 
