235.47 0.00650902 1102.5 110.804 270.571 114.907 156.161 0.663188 0.983811 0.129923 0.315737 0.105246 47.7301 3.63828 7.62261 0.415982 0.871529 0.0537491 
200.35 0.00632401 580.263 108.088 135.943 67.853 110.998 0.554021 1.4246 0.206739 0.637799 0.2126 52.3412 3.20861 6.13017 0.262035 0.500629 0.0304675 
192.025 0.00670658 735 110.804 146.329 76.2032 116.039 0.60429 1.28498 0.206667 0.519222 0.173074 48.208 2.69769 5.59593 0.26184 0.543146 0.0271921 
218.205 0.00673973 918.75 111.929 201.609 92.3945 137.622 0.630704 1.07812 0.28973 0.693925 0.231308 52.4893 2.61812 4.98791 0.270503 0.515349 0.0379507 
205.874 0.00672109 1002.27 119.189 218.675 106.218 92.8872 0.451184 1.60179 0.127224 0.30001 0.100003 53.7731 1.49022 2.77131 0.206085 0.383249 0.013881 
253.933 0.00589932 1002.27 112.5 224.642 88.4651 145.061 0.571257 1.16855 0.29286 0.570218 0.190073 47.3949 4.44521 9.3791 0.355874 0.75087 0.0524287 
271.293 0.00590267 882 104.009 234.44 86.4156 219.992 0.810901 0.770095 0.485067 0.835375 0.278458 50.5434 2.46944 4.88579 0.327918 0.648786 0.0512239 
230.79 0.00618197 1102.5 123.184 237.64 102.968 124.401 0.53902 1.30032 0.116766 0.250999 0.0836663 46.3688 5.75581 12.4131 0.559657 1.20697 0.0369521 
144.212 0.0075485 302.055 105.502 52.3143 36.276 44.8229 0.310813 2.95556 0.182901 0.398782 0.132927 51.7274 3.07834 5.95109 0.429778 0.830852 0.0598602 
166.539 0.00740111 760.345 112.5 143.989 86.4598 73.8364 0.443359 1.82992 0.102294 0.221677 0.0738924 45.0461 2.34326 5.20193 0.355622 0.789463 0.0292155 
346.186 0.00530612 1002.27 111.364 288.39 83.3051 265.132 0.765867 0.710821 0.490812 1.15337 0.384457 51.3407 3.55332 6.92107 0.399052 0.777264 0.0535176 
272.682 0.00642371 1002.27 110.25 268.02 98.2902 264.122 0.968606 0.589399 0.450993 1.06371 0.354569 48.3289 2.4159 4.99887 0.421022 0.871159 0.00894648 
203.793 0.00716553 1002.27 95.0431 222.049 108.958 123.623 0.60661 1.12889 0.188147 0.621714 0.207238 44.3787 3.29515 7.42509 0.529478 1.19309 0.0753225 
220.301 0.0069911 1102.5 94.6352 262.335 119.081 149.947 0.680648 0.953928 0.101198 0.362684 0.120895 47.0264 3.27161 6.95696 0.383552 0.81561 0.037618 
338.862 0.00540627 1002.27 89.2713 287.09 84.7218 350.117 1.03322 0.52831 0.457351 1.35363 0.451209 50.871 3.14737 6.18696 0.379786 0.746566 0.0355433 
327.982 0.00592215 882 98.4375 299.21 91.2277 384.393 1.172 0.439284 0.577409 1.61736 0.539119 52.3812 4.37501 8.35225 0.383905 0.732906 0.0234442 
302.628 0.00525665 760.345 110.25 214.247 70.7956 203.04 0.670922 0.936935 0.487081 1.1858 0.395265 56.0943 2.26554 4.0388 0.235718 0.420218 0.00969542 
720.266 0.00197128 1002.27 183.75 332.309 46.1369 379.432 0.526794 1.33696 0.638316 1.5361 0.512034 54.6904 3.45977 6.32611 0.508138 0.929118 0.0442881 
