402.852 0.00403977 1002.27 116.667 305.189 75.7572 245.547 0.609521 1.00811 0.300614 0.630711 0.210237 39.8267 4.53809 11.3946 0.861952 2.16425 0.146507 
265.92 0.00594802 918.75 81.6667 253.989 95.5133 106.035 0.398749 1.58554 0.328198 0.885151 0.29505 42.2856 2.65875 6.2876 0.493088 1.16609 0.0362953 
273.582 0.00449735 882 109.158 186.505 68.1716 84.719 0.309666 2.62459 0.230168 0.517311 0.172437 33.9722 3.48276 10.2518 0.581866 1.71277 0.00638407 
473.141 0.0031353 1050 168.321 280.964 59.3827 238.214 0.503474 1.33892 0.308232 0.606409 0.202136 41.3936 4.66932 11.2803 0.667461 1.61248 0.0820831 
250.073 0.00485261 918.75 175 193.39 77.3333 68.7175 0.27479 2.99887 0.042783 0.131691 0.0438969 38.8821 2.02928 5.21905 0.281589 0.724212 0.0400053 
222.743 0.00483155 479.348 126 74.9911 33.6671 33.7819 0.151663 6.12674 0.0739189 0.185564 0.0618548 35.3732 3.81915 10.7967 0.394871 1.1163 0.0321715 
229.133 0.00451073 294 170.93 40.9767 17.8834 7.97193 0.0347917 27.8093 0.0110596 0.0284867 0.00949557 36.9867 2.91886 7.89166 0.260613 0.704615 0.0463149 
240.261 0.00492936 816.667 170.93 167.123 69.5589 58.3172 0.242724 3.47867 0.0425258 0.122949 0.0409831 40.869 5.62861 13.7723 1.18169 2.89142 0.123526 
311.359 0.00405896 1102.5 148.986 235.015 75.4803 175.005 0.56207 1.40778 0.182793 0.463687 0.154562 38.3866 5.16799 13.463 1.02619 2.6733 0.0489192 
227.713 0.00513443 787.5 176.4 155.6 68.3316 47.9179 0.210431 4.06452 0.0238486 0.0647739 0.0215913 36.5571 1.1932 3.26393 0.235878 0.645231 0.035678 
223.356 0.00483933 848.077 170.93 104.54 46.804 24.2424 0.108537 8.52391 0.0244164 0.0612747 0.0204249 37.7225 3.15072 8.35238 0.517901 1.37292 0.0399233 
166.533 0.00612569 250.568 123.184 26.059 15.648 17.9507 0.107791 9.09418 0.0515283 0.0900758 0.0300253 40.2135 1.82012 4.52614 0.36535 0.908526 0.0366188 
227.168 0.00502704 537.805 88.9113 96.37 42.4223 80.3357 0.35364 2.47616 0.286684 0.706959 0.235653 34.8268 2.72195 7.81568 0.657317 1.88739 0.0933827 
183.515 0.00546485 218.317 170.93 10.2178 5.56782 5.86374 0.0319523 31.2067 0.0124481 0.0350811 0.0116937 38.1364 4.25256 11.1509 0.645194 1.69181 0.0794509 
184.685 0.00547516 214.078 156.383 19.3822 10.4948 5.76947 0.0312395 31.6568 0.00567986 0.0138052 0.00460174 39.1415 1.99515 5.09728 0.291275 0.744158 0.018378 
251.631 0.00488176 882 108.621 178.771 71.0448 138.86 0.551838 1.47519 0.246556 0.728489 0.24283 41.166 4.20312 10.2102 0.673267 1.63549 0.0493703 
240.819 0.00492682 735 175 157.683 65.4777 63.5568 0.263919 3.19353 0.0381351 0.122734 0.0409112 39.3803 2.55314 6.4833 0.532077 1.35112 0.0495495 
