195.971 0.00524943 225 111.364 27.7191 14.1445 8.35872 0.0426529 22.7902 0.0172786 0.0580068 0.0193356 33.3124 1.49442 4.48607 0.288655 0.86651 0.0316222 
183.015 0.00560091 227.32 146.026 28.7779 15.7244 5.42129 0.0296221 32.9336 0.0114096 0.0195682 0.00652272 32.7438 2.06395 6.30334 0.229379 0.700528 0.0325961 
152.056 0.00663341 173.622 115.445 13.3641 8.78894 9.15513 0.0602089 16.4664 0.0400265 0.132003 0.0440011 34.5235 0.943654 2.73336 0.18303 0.53016 0.0207754 
180.849 0.00708163 1002.27 84.4828 189.067 104.545 97.8348 0.540976 1.44336 0.0844541 0.225211 0.0750703 33.6353 2.04997 6.09468 0.195281 0.580583 0.0104783 
216.484 0.00564909 918.75 146.026 182.072 84.1043 60.5794 0.279833 2.92211 0.0274293 0.141639 0.0472129 28.7691 2.97843 10.3529 0.682214 2.37135 0.0577549 
147.76 0.006793 172.266 136.111 9.33701 6.31903 2.93495 0.0198629 50.1577 0.00814497 0.0200286 0.0066762 32.7517 1.53149 4.67606 0.337186 1.02952 0.0376795 
180.374 0.00560963 206.075 156.383 19.5002 10.811 4.83366 0.026798 36.8799 0.013654 0.0242537 0.00808458 29.5332 1.73375 5.8705 0.478835 1.62134 0.0607067 
183.611 0.00613662 882 145.066 127.843 69.6271 58.0659 0.316244 2.8064 0.050254 0.170223 0.0567411 31.5396 1.73627 5.50506 0.415538 1.31751 0.0343482 
151.07 0.00687453 279.114 136.957 38.6624 25.5924 13.3184 0.0881605 10.9221 0.0166575 0.0567345 0.0189115 33.5567 1.63496 4.87222 0.256739 0.76509 0.0247743 
147.696 0.00690389 172.266 93.038 17.3966 11.7786 13.426 0.0909023 10.7885 0.103936 0.237677 0.0792258 35.3141 1.5039 4.25865 0.311395 0.881788 0.0635926 
176.087 0.00575586 222.727 154.196 21.2124 12.0465 8.45179 0.0479978 20.5561 0.0112278 0.029153 0.00971766 33.0483 1.54859 4.68584 0.233258 0.705812 0.0572207 
160.734 0.00644898 294 91.4938 31.6308 19.679 20.0239 0.124578 7.74392 0.0765985 0.244123 0.0813743 32.6255 2.29121 7.02276 0.357226 1.09493 0.0437917 
155.974 0.00685632 282.692 86.1328 44.4833 28.5197 24.9759 0.160128 5.83967 0.043845 0.166834 0.0556112 33.8277 2.21503 6.54796 0.449037 1.32742 0.0351156 
