677.297 0.00164 1136.36 333.333 212.031 31.3055 225.125 0.332387 2.70852 0.227875 0.504065 0.168022 6.62149 2.00407 30.2662 2.77834 41.9594 0.354086 
360.576 0.00355632 1086.96 135.87 240.325 66.6504 128.656 0.356806 2.1856 0.1475 0.378314 0.126105 3.81297 0.75272 19.741 1.63694 42.9307 0.130632 
284.708 0.00447034 1086.96 173.611 226.288 79.4807 38.6836 0.135871 5.78271 0.0297069 0.0868273 0.0289424 3.76994 0.476438 12.6378 0.950385 25.2096 0.0676141 
391.635 0.0034725 1000 126.904 236.966 60.5067 175.044 0.446957 1.64517 0.298344 0.607823 0.202608 4.06966 1.39036 34.1641 2.01956 49.6248 0.22665 
283.283 0.0046177 925.926 136.612 206.432 72.871 111.289 0.392854 1.9459 0.151758 0.319478 0.106493 4.21711 1.68295 39.9075 2.04741 48.5499 0.13941 
292.398 0.00419237 1041.67 123.762 188.926 64.6128 128.347 0.438946 1.85847 0.179569 0.428612 0.142871 3.8183 0.871483 22.8238 1.58058 41.3949 0.11927 
352.239 0.00380286 1136.36 133.69 226.907 64.4184 193.69 0.549883 1.35763 0.275218 0.737847 0.245949 4.45755 1.96418 44.0642 2.37242 53.2225 0.222306 
319.634 0.00416486 1086.96 153.374 220.236 68.9027 174.435 0.545734 1.37647 0.213651 0.54717 0.18239 4.00513 1.90607 47.5907 2.00475 50.0547 0.208013 
463.626 0.00294222 925.926 151.515 243.465 52.5132 254.327 0.548561 1.33639 0.45369 1.00519 0.335064 5.67745 2.97578 52.414 4.13111 72.7636 0.381144 
332.578 0.00409846 1136.36 172.414 258.322 77.6725 169.765 0.510452 1.43725 0.296263 0.563404 0.187801 3.9708 1.34277 33.8161 3.1437 79.1704 0.0939903 
385.366 0.00415391 1136.36 128.205 329.104 85.4003 217.554 0.564539 1.10656 0.23771 0.617381 0.205794 3.52716 1.10726 31.3926 2.05563 58.2802 0.129073 
