305.647 0.00650642 1102.5 119.837 360.171 117.839 380.172 1.24383 0.404275 0.30479 0.9501 0.3167 41.8692 2.19426 5.24077 0.287853 0.687507 0.0636197 
392.167 0.00569312 1102.5 103.037 402.887 102.734 400.553 1.02138 0.438521 0.586443 1.05703 0.352343 42.2648 1.47572 3.49161 0.182335 0.431412 0.0196776 
377.657 0.00492888 918.75 109.701 294.658 78.0226 154.679 0.409574 1.31166 0.285236 0.506524 0.168841 43.8003 3.03444 6.9279 0.343756 0.784826 0.0199662 
282.863 0.00677457 1102.5 88.2 302.942 107.099 182.009 0.643454 0.811006 0.246888 0.633238 0.211079 43.32 5.07759 11.7211 0.538418 1.24289 0.0497956 
518.406 0.00543915 1102.5 81.6667 434.667 83.8469 456.365 0.880324 0.402862 0.665824 1.95814 0.652713 44.7312 4.40855 9.85566 0.574423 1.28417 0.1137 
324.22 0.00604686 918.75 93.8298 277.364 85.5481 254.532 0.785061 0.649721 0.396818 1.1625 0.3875 42.6041 4.00512 9.40079 0.632878 1.48549 0.028901 
274.793 0.00599143 816.667 93.4322 216.701 78.86 236.031 0.858942 0.707131 0.49493 1.24848 0.416159 44.4439 3.76919 8.48078 0.725443 1.63227 0.0817623 
326.258 0.00517259 882 88.5542 231.548 70.9709 148.736 0.455884 1.2998 0.437631 0.812104 0.270701 46.4888 5.87161 12.6302 0.675691 1.45345 0.112141 
305.915 0.00595151 882 98.8789 259.613 84.8645 301.994 0.987181 0.556385 0.58997 1.51156 0.503854 41.5678 4.06168 9.77122 0.60126 1.44646 0.0157643 
417.1 0.00526401 882 95.4545 313.014 75.0454 309.398 0.741782 0.613997 0.713526 1.67426 0.558085 44.7985 1.36423 3.04525 0.274253 0.612193 0.0158136 
397.996 0.0056746 1102.5 87.1542 371.43 93.3251 397.379 0.99845 0.443465 0.491375 1.57043 0.523477 44.8581 3.26768 7.28448 0.451419 1.00633 0.0719329 
368.036 0.00623724 1102.5 91.4938 379.636 103.152 329.294 0.894734 0.486881 0.454546 1.32552 0.441839 44.5519 1.72995 3.883 0.244256 0.54825 0.0212732 
467.608 0.00581197 1102.5 95.8696 424.575 90.7972 323.631 0.6921 0.531651 0.58246 1.40669 0.468897 44.0459 1.23038 2.79341 0.233684 0.530547 0.0337446 
282.804 0.00617428 1102.5 109.701 279.208 98.7284 250.03 0.88411 0.647772 0.346842 0.781042 0.260347 44.0086 4.52585 10.284 0.736393 1.67329 0.0259877 
393.79 0.00546636 1102.5 86.1328 319.183 81.0543 252.066 0.640103 0.72575 0.619821 1.11109 0.370362 46.3758 3.76339 8.11499 0.68374 1.47435 0.0608953 
239.612 0.00713596 668.182 86.4706 201.017 83.8924 223.905 0.934448 0.625869 0.416777 1.22567 0.408558 46.0316 3.69225 8.02113 0.346704 0.753186 0.0121227 
354.249 0.00495843 848.077 81.9703 226.974 64.0719 240.561 0.679075 0.838359 0.863415 1.97561 0.658537 49.4789 3.93908 7.96112 0.49977 1.01007 0.0419441 
258.955 0.00780045 1002.27 81.9703 272.986 105.418 188.512 0.727971 0.68005 0.39354 0.725687 0.241896 47.6757 1.34992 2.83146 0.1842 0.38636 0.00752097 
319.508 0.00488284 816.667 94.6352 215.042 67.3042 231.391 0.72421 0.885077 0.240325 1.13034 0.37678 48.4574 2.82846 5.83701 0.240284 0.495867 0.0207819 
