330.231 0.00362264 1041.67 111.607 184.094 55.747 130.454 0.395038 2.11601 0.1855 0.425645 0.141882 4.2603 1.52475 35.7899 1.74658 40.9968 0.204638 
382.123 0.00350244 1136.36 203.252 271.395 71.0228 157.742 0.412804 1.81001 0.133405 0.40675 0.135583 5.00387 2.90366 58.0282 1.73315 34.6362 0.227145 
302.059 0.00423882 1000 111.111 192.15 63.6135 155.113 0.513517 1.52092 0.209995 0.572388 0.190796 4.98439 2.74331 55.0381 2.27447 45.6318 0.398104 
344.897 0.00362545 806.452 141.243 183.969 53.3403 156.059 0.452479 1.76746 0.276686 0.584754 0.194918 4.79655 1.97108 41.0937 1.65091 34.4188 0.104594 
392.09 0.00353077 1041.67 189.394 271.399 69.2186 245.265 0.625531 1.15477 0.275397 0.676906 0.225635 6.10108 3.01865 49.4772 2.47218 40.5204 0.327147 
215.126 0.005124 625 97.6562 96.8408 45.0159 38.5778 0.179326 5.05887 0.122073 0.300546 0.100182 4.2876 0.800426 18.6684 1.41264 32.9471 0.0942999 
426.58 0.00291077 806.452 187.97 201.455 47.2255 285.81 0.670004 1.20203 0.357599 1.24928 0.416426 4.13827 1.18949 28.7437 1.11067 26.8389 0.103098 
270.356 0.00414526 1136.36 190.84 162.153 59.9773 75.289 0.27848 3.20418 0.066582 0.192187 0.0640624 4.23624 0.867455 20.477 1.73271 40.902 0.132616 
282.559 0.00414811 1041.67 182.482 171.069 60.5427 107.822 0.38159 2.23585 0.106774 0.31684 0.105613 3.9854 0.953946 23.936 1.32044 33.132 0.108106 
262.916 0.004256 543.478 143.678 106.28 40.4234 79.4682 0.302256 2.95669 0.0531442 0.396906 0.132302 5.54696 2.7769 50.0616 2.16932 39.1083 0.156289 
360.713 0.00380167 1136.36 193.798 276.595 76.6801 159.487 0.442143 1.6493 0.143621 0.36826 0.122753 4.91257 2.4336 49.5383 2.66408 54.2299 0.273198 
424.673 0.00339077 1136.36 110.619 284.352 66.9579 213.98 0.503871 1.37825 0.282188 0.781887 0.260629 5.91831 3.86546 65.3136 2.28955 38.6859 0.253308 
407.031 0.00294333 925.926 238.095 205.203 50.4147 159.357 0.391511 2.13201 0.194337 0.358777 0.119592 4.64873 2.14677 46.1798 1.91723 41.242 0.0922766 
441.496 0.00306667 1136.36 227.273 282.717 64.0362 243.254 0.550975 1.34052 0.220435 0.520924 0.173641 5.19892 3.48553 67.0434 1.76012 33.8555 0.147051 
223.934 0.00467714 520.833 82.5083 52.5375 23.4611 25.567 0.114172 8.36257 0.0868726 0.237111 0.0790369 4.27138 1.26895 29.7082 1.56338 36.6013 0.111261 
365.787 0.003768 1136.36 177.305 257.385 70.3646 178.68 0.488481 1.4853 0.216174 0.496489 0.165496 7.25586 6.37424 87.8496 3.36289 46.3472 0.372002 
