366.941 0.00353939 1000 105.263 203.54 55.4696 137.347 0.374303 2.05709 0.262659 0.62431 0.208103 4.84649 2.5454 52.5205 1.96806 40.608 0.148027 
319.9 0.00395323 909.091 113.636 195.302 61.0512 145.593 0.455122 1.73743 0.220422 0.581382 0.193794 3.89781 0.778546 19.9739 1.16829 29.9729 0.118553 
355.362 0.00376071 1000 91.7431 225.009 63.3184 182.92 0.514743 1.45368 0.283191 0.532837 0.177612 4.65714 2.93119 62.9397 2.3503 50.4667 0.151614 
258.833 0.00466061 1000 80.6452 172.037 66.4662 81.526 0.314975 2.63185 0.170682 0.415383 0.138461 4.01286 1.33215 33.197 1.74579 43.5048 0.208402 
610.621 0.00248696 1111.11 181.818 330.519 54.1283 432.325 0.708008 0.930083 0.514262 1.50691 0.502303 8.39063 3.19709 38.1031 3.33573 39.7554 0.24378 
272.827 0.004088 666.667 126.582 100.086 36.6848 66.5355 0.243874 3.67651 0.195462 0.458394 0.152798 4.03862 0.651989 16.1439 1.35595 33.5746 0.13742 
261.774 0.00444479 1111.11 81.3008 145.606 55.6228 75.4987 0.288412 2.97995 0.147217 0.368349 0.122783 4.08944 1.59196 38.9285 1.48175 36.2336 0.207734 
394.09 0.003652 1000 89.2857 248.447 63.0431 203.896 0.517383 1.34295 0.388046 1.05243 0.35081 4.66014 2.51474 53.9627 2.38669 51.2149 0.144178 
476.258 0.0037 1000 102.041 333.12 69.9454 388.394 0.815512 0.695866 0.72278 1.04805 0.349349 7.20418 2.0863 28.9596 3.55107 49.2917 0.292862 
326.394 0.00400909 1000 123.457 224.944 68.918 219.641 0.672932 1.13564 0.257272 0.914588 0.304863 4.87662 2.76469 56.6928 3.12788 64.1404 0.207849 
294.067 0.00376364 526.316 138.889 96.121 32.6868 79.0205 0.268716 3.36243 0.0531401 0.457595 0.152532 3.84069 1.3654 35.5508 1.71909 44.7598 0.120697 
