289.549 0.00647289 1002.27 117.914 336.191 116.108 356.331 1.23064 0.433559 0.328899 0.869568 0.289856 41.8988 4.56929 10.9055 0.258506 0.616976 0.0360244 
299.281 0.0061678 1002.27 83.2075 290.837 97.1785 259.948 0.868574 0.623711 0.368725 0.838235 0.279412 43.867 4.77906 10.8944 0.498861 1.13721 0.058954 
203.65 0.00677646 1002.27 97.1366 198.529 97.4853 144.815 0.711096 1.01902 0.279657 0.663345 0.221115 43.1646 3.18962 7.38944 0.217252 0.503311 0.0247304 
339.197 0.00521758 1002.27 115.445 285 84.0221 168.618 0.497111 1.13665 0.315368 0.698109 0.232703 45.4775 4.53046 9.96198 0.374371 0.8232 0.0213084 
234.796 0.00710317 918.75 82.2761 230.272 98.0731 211.264 0.899777 0.66638 0.458207 0.964086 0.321362 42.2061 5.72633 13.5675 0.810652 1.9207 0.13981 
343.892 0.00628953 1002.27 80.4745 361.694 105.177 65.4823 0.190415 2.42805 0.0873928 0.263824 0.0879414 41.1452 6.0741 14.7626 0.837458 2.03537 0.0448535 
166.29 0.00739229 380.172 86.1328 95.592 57.485 66.7625 0.401481 2.02623 0.241367 0.60668 0.202227 45.726 7.66624 16.7656 0.674615 1.47534 0.160228 
146.241 0.00706785 250.568 123.184 32.379 22.1408 16.1888 0.110699 8.73972 0.0316551 0.0775823 0.0258608 40.3871 5.72441 14.1739 0.609395 1.50889 0.0426762 
129.081 0.00783163 185.294 118.548 15.4852 11.9964 5.66122 0.0438578 22.5547 0.00743154 0.0421902 0.0140634 40.7837 2.22751 5.46178 0.284775 0.698257 0.0228105 
313.568 0.00615955 816.667 120.492 308.093 98.2542 139.235 0.444035 1.16601 0.127902 0.355868 0.118623 40.3828 5.50231 13.6254 0.4328 1.07174 0.0637881 
373.15 0.00573078 1102.5 119.189 374.144 100.266 314.02 0.841538 0.555686 0.304789 0.991847 0.330616 46.1086 5.5882 12.1196 0.914621 1.98362 0.0946391 
233.307 0.00633488 918.75 99.7738 211.87 90.8115 155.672 0.66724 1.01403 0.269347 0.765218 0.255073 39.9602 3.56384 8.91848 0.433522 1.08488 0.0470181 
260.325 0.00511425 501.136 119.189 137.214 52.7087 107.03 0.41114 1.82689 0.327513 0.736823 0.245608 47.9449 5.20706 10.8605 0.643227 1.3416 0.0459227 
171.552 0.0068972 416.038 119.189 90.3635 52.6741 67.807 0.395256 2.13822 0.175726 0.428055 0.142685 44.1024 1.29882 2.94502 0.159832 0.36241 0.0246158 
218.804 0.00679138 882 112.5 209.52 95.7568 77.9455 0.356234 1.88908 0.125943 0.238579 0.0795265 44.609 2.81894 6.31921 0.437238 0.980155 0.0556252 
260.644 0.0064966 1002.27 119.189 267.021 102.446 136.034 0.521915 1.13153 0.261431 0.581501 0.193834 45.8636 2.2248 4.85091 0.19958 0.43516 0.0279583 
