319.429 0.00564248 1002.27 108.621 282.522 88.446 248.498 0.777946 0.713192 0.370208 0.89947 0.299823 47.5076 6.02397 12.68 0.655473 1.37972 0.0741424 
447.973 0.00460965 1002.27 121.823 372.914 83.2448 262.461 0.585886 0.826546 0.532453 1.07648 0.358827 48.7434 1.66545 3.41677 0.181809 0.372992 0.034236 
196.424 0.0061678 525 119.189 120.189 61.1889 85.628 0.435935 1.89345 0.162968 0.383484 0.127828 50.0468 2.54878 5.0928 0.180705 0.361072 0.0122425 
341.517 0.00523894 1002.27 114.844 306.569 89.7668 233.519 0.68377 0.817401 0.31766 0.773209 0.257736 48.2692 5.05997 10.4828 0.296367 0.613987 0.0577293 
609.453 0.00304107 1102.5 111.364 367.949 60.3737 473.165 0.776376 0.694962 0.606107 2.0263 0.675435 53.6567 4.3058 8.02473 0.487598 0.908737 0.0660784 
253.477 0.00634921 735 106.522 209.867 82.7953 221.822 0.875117 0.710027 0.382449 1.02778 0.342593 49.2569 2.0164 4.09365 0.297053 0.603069 0.0105461 
248.718 0.00630889 1002.27 121.154 253.687 101.998 100.912 0.405727 1.57075 0.124455 0.233482 0.0778275 48.1051 1.29956 2.7015 0.148887 0.309504 0.0144408 
427.267 0.00407029 1050 109.701 298.51 69.8651 368.759 0.863064 0.666242 0.632591 1.80613 0.602043 52.9183 2.92673 5.53066 0.349436 0.660331 0.0372602 
612.631 0.00342229 1102.5 111.364 412.805 67.3823 362.05 0.590975 0.807077 0.588379 1.33241 0.444136 48.867 4.29612 8.79146 0.297118 0.608014 0.0191553 
284.353 0.00622013 1002.27 100.685 311.368 109.5 266.036 0.935583 0.604311 0.314975 0.930607 0.310202 48.5187 4.34989 8.96541 0.54016 1.1133 0.0159571 
234.645 0.0062415 565.385 107.561 163.647 69.7423 139.011 0.592432 1.15255 0.334387 0.849806 0.283269 49.5335 2.10183 4.24326 0.283174 0.571682 0.0176968 
283.219 0.00592455 760.345 81.9703 205.697 72.6283 207.179 0.731514 0.814702 0.618511 1.07763 0.35921 53.7489 3.36779 6.26578 0.259121 0.482096 0.0254529 
