289.882 0.00417959 1102.5 167.045 215.478 74.3329 80.4457 0.277512 2.97415 0.0320354 0.18399 0.06133 37.6211 4.21112 11.1935 0.679336 1.80573 0.0623224 
291.036 0.00350007 367.5 242.308 40.0518 13.7618 14.2135 0.0488375 20.1012 0.0151501 0.0397358 0.0132453 39.0909 2.74599 7.02463 0.407062 1.04132 0.0282851 
272.755 0.00383976 367.5 116.667 48.8555 17.9119 17.7322 0.0650115 14.687 0.0770284 0.20126 0.0670866 40.6121 2.68891 6.62095 0.354987 0.874093 0.0302679 
261.051 0.00383394 272.222 245 7.54106 2.88873 5.00303 0.019165 52.134 0.00972601 0.0225825 0.0075275 40.0444 2.9061 7.25719 0.505593 1.26258 0.101502 
258.079 0.00407339 501.136 222.727 77.1309 29.8866 28.3348 0.109791 8.66413 0.0197224 0.0655646 0.0218549 40.6111 1.68248 4.1429 0.316769 0.780006 0.0319269 
243.636 0.00411462 282.692 232.105 12.8352 5.26817 6.34818 0.026056 38.2844 0.0116519 0.0269428 0.00898092 42.8847 2.15301 5.02046 0.41628 0.970695 0.00872107 
238.152 0.00420149 247.753 227.32 5.7831 2.42833 3.53162 0.0148293 67.3942 0.00906708 0.0188897 0.00629658 42.5884 2.46521 5.78847 0.346321 0.813183 0.0407571 
242.332 0.00413523 265.663 222.727 11.2248 4.632 5.82885 0.0240532 41.4875 0.00846033 0.0255899 0.00852997 41.7367 2.24396 5.37646 0.370241 0.887088 0.0232105 
249.051 0.00402284 268.902 229.688 10.8275 4.34751 4.01837 0.0161348 61.861 0.00794046 0.0180376 0.00601253 40.4755 1.69648 4.19137 0.257596 0.636424 0.0151522 
226.755 0.00441723 245 208.019 9.15392 4.03693 4.23338 0.0186694 53.4764 0.00970693 0.0189544 0.00631812 41.1749 1.36871 3.32413 0.247688 0.601552 0.00459231 
251.893 0.00398268 279.114 234.574 14.467 5.74333 6.7011 0.026603 37.4695 0.00488021 0.0354267 0.0118089 41.7897 0.844617 2.02111 0.194171 0.464639 0.00461603 
255.173 0.00394209 282.692 200.455 18.1455 7.11104 12.269 0.048081 20.6759 0.0434612 0.0993564 0.0331188 39.6801 3.66143 9.22737 0.690055 1.73905 0.13029 
292.344 0.00342404 310.563 279.114 9.29561 3.17969 8.77495 0.0300159 33.2826 0.0198675 0.0490066 0.0163355 38.8222 2.1133 5.44353 0.478402 1.23229 0.0744772 
253.487 0.00396178 282.692 237.097 16.8936 6.66449 4.94009 0.0194886 51.0946 0.0100736 0.0200327 0.00667757 42.3128 1.47963 3.4969 0.155667 0.367896 0.0195485 
275.183 0.00371882 501.136 225 53.0143 19.2651 18.3081 0.0665308 14.6876 0.0173601 0.0462131 0.0154044 39.2271 2.71314 6.91648 0.437004 1.11404 0.0416516 
256.329 0.00391767 306.25 239.674 17.4008 6.78846 7.97729 0.0311213 31.9976 0.0110616 0.0378855 0.0126285 41.0509 0.992857 2.4186 0.167182 0.407256 0.00784313 
265.631 0.00378534 294 242.308 19.8173 7.46044 5.13462 0.0193299 51.4503 0.00958466 0.0165888 0.00552961 42.6918 1.89463 4.43792 0.222053 0.52013 0.015048 
