175.484 0.00728647 1102.5 93.4322 194.395 110.777 53.6057 0.305474 2.56019 0.0729461 0.208506 0.0695021 38.2947 4.4074 11.5091 0.543011 1.41798 0.0889791 
210.22 0.00738624 1002.27 88.9113 233.623 111.133 208.901 0.993728 0.64809 0.279314 0.884159 0.29472 39.3614 3.85213 9.78656 0.617757 1.56945 0.0771946 
145.488 0.00713832 245 113.077 32.1366 22.0889 14.0806 0.0967819 9.94909 0.0244889 0.0752615 0.0250872 39.0407 2.26671 5.806 0.374966 0.960449 0.0469624 
265.449 0.00747459 1102.5 82.5843 332.481 125.253 253.08 0.953403 0.528634 0.345843 0.79653 0.26551 39.0737 3.63029 9.29087 0.494649 1.26594 0.0639923 
150.958 0.00772608 512.791 86.4706 89.8232 59.5023 42.1801 0.279417 3.06855 0.116504 0.321314 0.107105 36.8722 3.4946 9.47761 0.406226 1.10171 0.0347419 
188.495 0.00712666 918.75 121.154 202.734 107.554 64.4519 0.341929 2.1771 0.0313091 0.10553 0.0351768 38.0595 4.48119 11.7742 0.447505 1.1758 0.04634 
202.362 0.00732275 787.5 101.613 193.799 95.7684 156.253 0.772146 0.873973 0.208318 0.603602 0.201201 39.9512 4.72475 11.8263 0.827081 2.07023 0.143078 
123.009 0.00820513 136.957 92.6471 10.9548 8.90571 7.65476 0.0622294 15.9215 0.0133881 0.0839131 0.027971 38.1096 4.50871 11.8309 0.415382 1.08997 0.0224929 
229.424 0.00715294 882 93.4322 226.252 98.6174 126.265 0.550356 1.10722 0.174901 0.414098 0.138033 39.3208 4.4595 11.3413 0.455223 1.15772 0.0947571 
163.463 0.00806019 648.529 106.01 153.448 93.8727 54.7565 0.334977 2.26579 0.032795 0.113782 0.0379274 38.0833 1.8408 4.83362 0.359507 0.944002 0.0227109 
152.984 0.00874528 630 81.6667 145.195 94.9088 59.9256 0.391712 1.90816 0.0628781 0.244771 0.0815903 43.0018 4.06993 9.46455 0.589002 1.36972 0.0841258 
190.837 0.00673091 760.345 125.284 171.939 90.0971 58.8419 0.308336 2.52487 0.0271196 0.106457 0.0354857 36.7025 4.17013 11.362 0.743549 2.02588 0.0510502 
140.162 0.00745413 256.395 100.685 36.6226 26.1287 29.2111 0.208409 4.59256 0.0849742 0.285951 0.0953171 37.3906 3.82724 10.2358 0.401754 1.07448 0.0603854 
114.267 0.00893424 133.636 81.9703 15.3557 13.4384 12.8227 0.112217 8.72898 0.0980711 0.239848 0.0799492 35.9346 4.16132 11.5802 0.445354 1.23935 0.0699636 
174.444 0.00749554 1050 88.9113 188.511 108.064 96.1967 0.551446 1.38687 0.0994809 0.306826 0.102275 37.7901 3.55497 9.40714 0.554565 1.46749 0.0668521 
117.429 0.00857143 143.182 104.502 9.91819 8.44608 5.94222 0.0506025 19.6335 0.0216175 0.0617284 0.0205761 39.163 2.70659 6.91109 0.566679 1.44698 0.0796474 
267.572 0.00718443 1002.27 82.5843 328.779 122.875 249.304 0.931728 0.558314 0.262125 0.742346 0.247449 37.3742 2.65971 7.11643 0.426854 1.14211 0.0584331 
142.848 0.00702041 159.783 124.576 7.54106 5.27908 4.98437 0.0348928 28.5777 0.0117454 0.0447227 0.0149076 35.428 3.35397 9.46703 0.55762 1.57395 0.0981415 
133.659 0.00750189 143.182 122.5 6.87334 5.14246 3.54238 0.0265031 37.63 0.0182872 0.035063 0.0116877 36.4702 4.43704 12.1662 0.722652 1.98149 0.0919662 
116.545 0.00859562 121.823 103.037 4.74539 4.07173 2.91547 0.0250159 39.9038 0.00892143 0.0292216 0.00974052 37.8858 3.05623 8.06697 0.396002 1.04525 0.0478778 
207.404 0.00741978 1002.27 91.875 252.776 121.876 98.1187 0.47308 1.37359 0.162586 0.350764 0.116921 36.74 4.0284 10.9646 0.522536 1.42225 0.0858785 
188.877 0.00809524 1002.27 96.7105 245.352 129.901 84.0734 0.445124 1.4693 0.0497199 0.152381 0.0507937 38.0433 2.71278 7.13077 0.533884 1.40336 0.0550627 
176.753 0.00784958 816.667 108.621 193.013 109.2 65.4292 0.370174 1.94707 0.0358209 0.114974 0.0383245 37.1388 2.96589 7.98597 0.455428 1.22628 0.0983024 
150.832 0.00779397 501.136 82.8947 98.544 65.3335 42.3268 0.280622 3.03128 0.0762261 0.280756 0.0935855 34.7067 3.32645 9.58447 0.421034 1.21312 0.0730614 
385.131 0.00675874 1102.5 82.5843 384.074 99.7257 321.189 0.833975 0.460652 0.505243 1.05932 0.353107 39.3764 3.82029 9.70198 0.502571 1.27633 0.0405668 
