388.574 0.00467404 1102.5 116.667 324.17 83.4256 213.225 0.548738 1.00339 0.320887 0.754558 0.251519 52.9472 4.83225 9.12653 0.363504 0.68654 0.0428355 
425.452 0.00422181 1002.27 134.451 339.887 79.8885 386.932 0.909462 0.612162 0.570564 1.46213 0.487377 53.1673 1.79884 3.38335 0.224073 0.421448 0.0378577 
239.432 0.00554959 760.345 125.284 168.005 70.168 138.27 0.577491 1.3032 0.183708 0.687413 0.229138 52.6068 0.856793 1.62867 0.115849 0.220217 0.00806477 
224.762 0.00625612 1002.27 106.522 220.549 98.1253 132.85 0.59107 1.20319 0.0638891 0.295509 0.098503 48.9089 3.71241 7.59045 0.301573 0.616602 0.0230456 
195.53 0.00606061 501.136 137.812 110.725 56.6279 55.9602 0.286198 2.94852 0.0472498 0.160469 0.0534895 53.496 1.79853 3.362 0.261949 0.48966 0.00543697 
156.99 0.00719693 393.75 117.914 76.2302 48.5573 34.0408 0.216834 4.08181 0.0319276 0.119156 0.0397186 50.0084 3.87327 7.74525 0.438908 0.877668 0.0277139 
266.571 0.00599337 1002.27 133.636 278.116 104.331 129.46 0.485648 1.28883 0.0753331 0.158218 0.0527393 50.728 3.91526 7.71813 0.308311 0.607773 0.0201733 
358.151 0.00554497 1002.27 115.445 353.387 98.6698 241.142 0.673298 0.747871 0.358085 0.566228 0.188743 51.6956 3.46277 6.69838 0.234623 0.453854 0.0167025 
307.288 0.00525775 787.5 107.561 230.736 75.0879 282.327 0.918768 0.673672 0.400544 1.47167 0.490556 53.2767 2.60752 4.89431 0.347844 0.652901 0.0393123 
434.83 0.00367347 848.077 109.158 256.813 59.0606 296.323 0.681467 0.918668 0.460802 1.4679 0.4893 55.4576 2.05457 3.70476 0.209379 0.377549 0.0103967 
300.484 0.00538636 1002.27 107.561 253.6 84.3972 217.155 0.722683 0.854939 0.416799 0.951652 0.317217 52.6508 2.09188 3.97312 0.260101 0.494012 0.0204497 
205.87 0.00664922 760.345 116.053 174.487 84.7558 142.733 0.693314 1.05367 0.244328 0.512783 0.170928 50.9123 4.74897 9.32776 0.508303 0.99839 0.0472781 
391.398 0.00534014 1002.27 121.823 358.309 91.546 342.936 0.876182 0.546053 0.50913 1.00977 0.336589 49.2558 1.90854 3.87475 0.303674 0.616524 0.0143752 
208.008 0.0072667 848.077 82.5843 210.874 101.378 166.437 0.800149 0.826821 0.143543 0.678567 0.226189 48.4942 3.57905 7.38037 0.502198 1.03559 0.0897523 
232.694 0.00567541 882 136.957 211.441 90.8668 114.341 0.49138 1.54099 0.11018 0.273372 0.0911239 48.5064 5.0325 10.3749 0.294133 0.606379 0.0370437 
147.324 0.00704157 256.395 121.823 33.4496 22.7048 13.2096 0.0896635 10.7508 0.026816 0.0668825 0.0222942 50.0702 1.53649 3.06867 0.140087 0.279781 0.0106192 
268.613 0.00592653 1002.27 119.837 264.956 98.6387 211.374 0.786911 0.798265 0.288236 0.649778 0.216593 50.6473 3.36567 6.64531 0.293667 0.579827 0.062255 
775.226 0.00191893 1002.27 169.615 299.163 38.5904 177.385 0.228817 2.9378 0.371837 0.87951 0.29317 46.6689 4.64585 9.95493 0.475211 1.01826 0.0631068 
379.832 0.00479489 1002.27 125.284 302.839 79.7298 333.88 0.87902 0.624643 0.516693 1.43556 0.47852 52.7709 4.20253 7.96373 0.463369 0.878077 0.0807288 
186.393 0.00692366 816.667 123.184 171.593 92.0598 111.901 0.600351 1.29071 0.135292 0.35472 0.11824 48.0275 3.71619 7.73761 0.393526 0.819376 0.0241081 
269.387 0.00572253 735 128.198 222.7 82.6692 207.084 0.768723 0.84385 0.184994 0.705331 0.23511 49.794 1.72775 3.4698 0.247608 0.497264 0.0203284 
186.946 0.00622827 501.136 109.701 99.559 53.2556 45.9559 0.245825 3.49375 0.0822816 0.230097 0.076699 49.1511 3.70374 7.53541 0.471732 0.959758 0.0693937 
258.309 0.00611489 630 86.1328 200.9 77.7753 125.978 0.487705 1.29812 0.295921 0.882571 0.29419 51.3609 2.94964 5.74296 0.21751 0.423494 0.0221564 
