145.139 0.00720264 239.674 124.576 36.3572 25.0499 20.3011 0.139873 6.83894 0.0354403 0.120333 0.0401111 37.59 3.00697 7.99939 0.550185 1.46365 0.10081 
276.538 0.00634508 1102.5 86.1328 295.077 106.704 152.292 0.55071 1.03487 0.0976144 0.321637 0.107212 39.2605 1.80323 4.59298 0.243592 0.62045 0.0365931 
257.197 0.00671485 787.5 95.4545 239.197 93.0015 156.894 0.610016 0.949196 0.293682 0.667189 0.222396 38.8769 4.86766 12.5207 0.509362 1.31019 0.0679781 
164.297 0.00793003 882 81.3653 164.166 99.9201 107.448 0.653986 1.17362 0.161275 0.562264 0.187421 38.115 3.42482 8.98549 0.286657 0.752085 0.0240459 
207.209 0.00625125 882 113.077 163.633 78.9702 83.9837 0.405309 1.90475 0.123331 0.281675 0.0938917 37.3829 5.6283 15.0558 0.544727 1.45716 0.0294791 
118.951 0.00858538 186.864 105.502 20.6184 17.3335 15.3683 0.129198 7.57906 0.0832272 0.182963 0.0609878 40.9625 1.62928 3.97749 0.282442 0.689512 0.0301475 
220.951 0.00688587 918.75 108.621 226.146 102.352 176.296 0.797899 0.823756 0.188529 0.382656 0.127552 44.192 3.97454 8.9938 0.643508 1.45616 0.0766372 
210.481 0.0067095 689.062 109.158 181.58 86.2689 66.0274 0.313697 2.25728 0.163865 0.325291 0.10843 39.6593 4.60121 11.6018 0.699771 1.76446 0.065208 
214.527 0.00674981 816.667 105.502 188.948 88.0768 130.931 0.610325 1.13153 0.249464 0.49888 0.166293 42.2269 4.70512 11.1425 0.590632 1.39871 0.06152 
276.256 0.00628641 1102.5 114.249 291.237 105.423 205.033 0.742186 0.775841 0.256826 0.623045 0.207682 41.5348 4.63476 11.1588 0.63311 1.52429 0.0244747 
114.762 0.00881214 142.258 96.7105 12.6386 11.0129 5.96998 0.0520207 19.0084 0.0289346 0.0781329 0.0260443 40.9179 2.69528 6.58703 0.533703 1.30433 0.0730905 
275.139 0.00574315 689.062 108.088 199.843 72.6334 176.45 0.641311 0.986799 0.327146 1.25381 0.417936 40.5039 2.15296 5.31543 0.39443 0.973807 0.0476493 
255.947 0.00700561 1102.5 86.1328 270.868 105.83 200.528 0.783477 0.711833 0.308829 0.923746 0.307915 41.1883 3.15641 7.66335 0.42609 1.03449 0.0442323 
203.358 0.0073167 648.529 107.039 181.222 89.1152 71.9556 0.353838 1.89942 0.144886 0.476033 0.158678 40.5285 3.94776 9.74069 0.383541 0.946347 0.0506299 
255.41 0.00707134 1002.27 95.4545 302.218 118.327 222.851 0.872523 0.634576 0.285183 0.472261 0.15742 41.0134 5.5213 13.4622 0.633878 1.54554 0.0595467 
310.995 0.00645423 1002.27 90.3689 309.233 99.4336 193.544 0.62234 0.800525 0.30252 0.700596 0.233532 40.5705 3.08825 7.61205 0.567357 1.39845 0.0598623 
356.676 0.00627246 1102.5 97.5664 393.87 110.428 330.304 0.926062 0.482668 0.345928 0.815047 0.271682 39.3267 2.46382 6.26501 0.370787 0.942838 0.050301 
194.018 0.00707861 595.946 119.189 159.746 82.3354 79.3447 0.408954 1.78047 0.059103 0.201175 0.0670582 37.6806 2.82534 7.49814 0.413629 1.09772 0.026017 
291.879 0.00575139 711.29 107.561 238.919 81.8554 328.528 1.12556 0.529242 0.417696 1.74002 0.580008 39.959 2.48081 6.20839 0.373701 0.935211 0.0561746 
284.099 0.00631837 1002.27 102.083 265.099 93.3121 247.573 0.871431 0.639282 0.443925 0.876306 0.292102 40.8147 2.38821 5.85136 0.322695 0.790634 0.0267956 
198.093 0.0069965 760.345 86.1328 182.221 91.9875 165.381 0.834866 0.864237 0.209462 0.898841 0.299614 41.3744 4.95525 11.9766 0.852325 2.06003 0.0923576 
242.048 0.00615484 711.29 109.158 200.791 82.955 166.025 0.685916 0.978611 0.257011 0.758333 0.252778 43.0383 1.96742 4.57131 0.262791 0.610599 0.0170291 
