264.089 0.0061678 1002.27 123.184 284.169 107.603 133.665 0.506136 1.21297 0.0566993 0.174465 0.0581551 52.8938 1.03499 1.95673 0.2075 0.392296 0.0241035 
271.314 0.00640967 1002.27 122.5 301.12 110.986 178.547 0.658085 0.873796 0.348499 0.599782 0.199927 50.746 1.84007 3.62603 0.308339 0.607613 0.0271685 
201.488 0.00632447 735 127.457 169.329 84.0394 60.7543 0.301529 2.60255 0.0321661 0.0940171 0.031339 52.6444 1.57035 2.98294 0.142745 0.27115 0.0176114 
162.354 0.00679365 501.136 121.154 80.0797 49.3242 24.8024 0.152768 5.93475 0.0245327 0.0752856 0.0250952 50.2183 3.14535 6.26336 0.145686 0.290105 0.0127189 
245.675 0.00562862 648.529 95.0431 161.006 65.5363 162.267 0.660494 1.09488 0.341744 0.975436 0.325145 51.4272 3.9127 7.60823 0.400269 0.778323 0.0809523 
193.629 0.00637807 551.25 129.706 126.465 65.313 81.0078 0.418365 1.93546 0.133069 0.372118 0.124039 49.6908 2.29569 4.61995 0.381518 0.767784 0.042316 
266.708 0.00555933 668.182 132.831 208.313 78.1053 124.553 0.467003 1.44418 0.158668 0.436438 0.145479 52.0658 3.68145 7.07075 0.309809 0.595034 0.0615031 
251.776 0.00594104 816.667 126 213.137 84.6535 112.055 0.445061 1.50212 0.112638 0.256766 0.0855887 53.4247 2.12818 3.98351 0.182086 0.340827 0.0267193 
191.102 0.00648393 882 97.1366 150.047 78.5166 104.263 0.545588 1.47922 0.172483 0.448737 0.149579 48.4984 3.07006 6.33022 0.331441 0.683407 0.027477 
204.763 0.00630919 1002.27 133.636 191.134 93.3442 124.934 0.610141 1.26866 0.155839 0.422529 0.140843 51.5643 3.61516 7.01099 0.285345 0.553378 0.0592622 
332.181 0.00546233 1002.27 121.823 321.907 96.9071 212.959 0.641092 0.859659 0.303163 0.887857 0.295952 52.7636 2.94404 5.57968 0.422835 0.801376 0.0668779 
