181.244 0.00666969 689.062 121.823 137.623 75.9323 84.0341 0.463652 1.78418 0.141927 0.27617 0.0920566 44.161 6.13462 13.8915 0.928202 2.10186 0.0581382 
217.489 0.00571202 1002.27 121.154 184.32 84.7488 114.694 0.527352 1.52641 0.201965 0.350227 0.116742 44.1298 4.22946 9.58415 0.4051 0.917975 0.0606587 
198.43 0.00656387 882 123.184 186.501 93.988 120.195 0.605729 1.26752 0.138185 0.357687 0.119229 43.2779 1.5663 3.61918 0.316825 0.732071 0.0273765 
168.861 0.00615825 334.091 138.679 42.5807 25.2164 15.3717 0.0910316 10.5638 0.0276899 0.0697446 0.0232482 45.2546 2.13087 4.70863 0.285792 0.631521 0.0354143 
158.818 0.00655448 195.133 86.1328 28.3915 17.8768 10.7818 0.0678879 14.1504 0.0277689 0.128615 0.0428716 42.3992 1.78522 4.2105 0.285309 0.672911 0.0429293 
274.746 0.0059702 1050 128.198 290.058 105.573 171.081 0.622686 0.979062 0.0944981 0.322843 0.107614 44.7856 6.19103 13.8237 0.941027 2.10118 0.0366053 
423.894 0.00471655 918.75 93.4322 328.302 77.4489 241.492 0.569698 0.877957 0.326538 0.653846 0.217949 45.0868 4.28256 9.49848 1.02098 2.26446 0.0897926 
178.635 0.00620937 315 132.036 67.0052 37.5096 30.9722 0.173383 5.19972 0.0653682 0.173098 0.0576993 43.6874 4.86786 11.1425 0.602982 1.38022 0.0151881 
245.516 0.00620078 1002.27 121.823 256.893 104.634 160.597 0.65412 1.00419 0.224762 0.52518 0.17506 42.7118 2.54976 5.96967 0.407723 0.954591 0.0319937 
250.185 0.00597942 958.696 128.198 232.943 93.1081 69.468 0.277667 2.40744 0.0596655 0.105495 0.035165 45.1511 5.01374 11.1044 0.377546 0.836185 0.0794396 
270.179 0.00633409 1002.27 123.184 301.587 111.625 292.835 1.08386 0.539129 0.236635 0.761814 0.253938 42.1178 2.56648 6.09358 0.664346 1.57735 0.033177 
267.535 0.00608947 816.667 124.576 261.079 97.5866 219.768 0.821455 0.747232 0.298965 0.67938 0.22646 42.5746 2.20253 5.17334 0.422648 0.992724 0.0124654 
191.254 0.00611198 501.136 134.451 103.941 54.347 49.5232 0.258939 3.30377 0.0667808 0.167964 0.055988 42.8893 4.84496 11.2964 0.563363 1.31353 0.0318023 
165.117 0.00739229 816.667 86.1328 146.938 88.9904 82.9088 0.502121 1.63163 0.149838 0.396836 0.132279 42.6987 2.45115 5.74057 0.283058 0.662919 0.0430583 
143.671 0.00717201 222.727 122.5 28.0929 19.5536 29.1491 0.202888 4.78337 0.117615 0.288768 0.0962561 47.164 5.35062 11.3447 0.554234 1.17512 0.0288985 
220.275 0.00606885 787.5 133.636 187.579 85.1568 85.4318 0.387842 1.92874 0.0529503 0.183499 0.0611665 43.3226 3.20004 7.38654 0.364711 0.84185 0.025833 
192.746 0.00664399 648.529 130.473 148.163 76.8698 112.703 0.584722 1.33548 0.192491 0.423208 0.141069 42.958 1.53122 3.56446 0.216289 0.503489 0.00392253 
