235.539 0.00560978 1050 103.037 215.973 91.6927 122.832 0.521493 1.45125 0.145604 0.321834 0.107278 30.3857 3.46735 11.4111 0.815367 2.68339 0.0800144 
185.695 0.00596578 450 139.557 84.9173 45.7295 31.9118 0.171851 5.25268 0.025195 0.0836213 0.0278738 32.765 4.13188 12.6106 0.706448 2.1561 0.292311 
161.442 0.00619666 165.789 156.383 3.20641 1.98611 2.81828 0.017457 57.2608 0.0125463 0.0252088 0.00840295 36.3213 2.51848 6.93388 0.463538 1.27621 0.0652655 
170.231 0.00605159 319.565 151.027 38.9115 22.8581 13.0755 0.0768103 12.6379 0.0154879 0.0540649 0.0180216 36.3922 2.82962 7.77535 0.29599 0.813336 0.0364147 
288.999 0.00501425 1102.5 135.276 280.148 96.9377 95.7913 0.33146 2.08194 0.138562 0.264247 0.0880823 33.8002 3.27194 9.68025 0.436415 1.29116 0.0609173 
300.788 0.00561661 1102.5 145.066 341.958 113.687 82.2807 0.273551 2.16385 0.0764389 0.198193 0.0660644 37.7544 3.19476 8.46197 0.643373 1.7041 0.0359611 
228.273 0.0069161 689.062 86.1328 205.063 89.8324 119.827 0.524929 1.20666 0.217869 0.590164 0.196721 37.1746 3.40837 9.16854 0.568048 1.52805 0.078351 
344.475 0.00474463 1102.5 145.066 320.169 92.9441 145.649 0.422814 1.44707 0.137417 0.25003 0.0833433 34.8898 3.57936 10.2591 0.493615 1.41478 0.067481 
185.575 0.00598262 441 142.258 82.5776 44.4982 30.1349 0.162387 5.54676 0.048326 0.0750474 0.0250158 30.5596 2.63348 8.61752 0.903186 2.95549 0.0439338 
183.228 0.00567848 218.317 88.9113 29.7054 16.2123 13.4445 0.0733757 13.0986 0.0305619 0.18557 0.0618566 31.2947 2.98297 9.53185 0.629253 2.01073 0.0779619 
172.248 0.0061678 367.5 112.5 54.4293 31.5993 34.4625 0.200075 4.7046 0.0921569 0.219013 0.0730042 38.4125 2.40807 6.26897 0.350203 0.91169 0.0450727 
182.069 0.00630798 501.136 132.831 102.219 56.1432 44.7436 0.245751 3.54307 0.058338 0.164561 0.0548535 36.2749 1.7334 4.77851 0.362869 1.00033 0.0554372 
197.304 0.00541592 735 153.125 90.23 45.7314 18.9898 0.096246 9.72318 0.0149249 0.0379144 0.0126381 36.6882 2.76707 7.54213 0.369167 1.00623 0.037836 
147.092 0.00706349 247.753 105.502 33.2919 22.6335 25.6833 0.174607 5.51227 0.0889246 0.291493 0.0971643 35.7835 4.06309 11.3547 0.690157 1.9287 0.147069 
155.426 0.00646433 167.045 132.831 10.3067 6.63123 4.23575 0.0272524 36.5213 0.0091983 0.0242359 0.00807863 35.8463 1.88029 5.24542 0.338871 0.945345 0.0555896 
208.669 0.00619803 816.667 132.831 184.764 88.544 79.8405 0.382617 2.0208 0.115061 0.287561 0.0958537 36.7397 2.18289 5.9415 0.470477 1.28057 0.0549216 
157.887 0.00638322 167.045 122.5 12.8301 8.12615 13.5312 0.0857017 11.5778 0.0808171 0.184725 0.0615749 36.9254 2.68632 7.27498 0.546199 1.4792 0.117973 
225.518 0.00505921 760.345 113.077 132.038 58.549 52.2597 0.231732 3.78225 0.118071 0.285172 0.0950573 36.9047 2.3983 6.49864 0.294366 0.797639 0.0367083 
265.712 0.00555675 958.696 112.5 244.252 91.9235 159.423 0.599984 1.12883 0.152892 0.349505 0.116502 38.1451 4.13796 10.8479 0.527847 1.38379 0.062791 
159.661 0.00641471 190.086 87.5 21.2651 13.319 11.0881 0.069448 14.0593 0.065535 0.140833 0.0469442 36.2422 2.45878 6.7843 0.413466 1.14084 0.0351486 
242.222 0.00621693 816.667 93.4322 226.346 93.4456 225.688 0.931738 0.712715 0.21921 0.723647 0.241216 37.2507 3.46486 9.30145 0.622326 1.67064 0.0643719 
173.925 0.00597815 306.25 144.118 43.0332 24.7423 19.7283 0.11343 8.47898 0.0318621 0.096092 0.0320307 36.1393 2.59767 7.18793 0.452109 1.25102 0.0208693 
162.77 0.00668728 204.167 81.6667 40.5731 24.9266 22.552 0.138551 6.6308 0.0598732 0.205713 0.068571 33.7328 3.60626 10.6906 0.76457 2.26655 0.0181974 
327.787 0.00505417 958.696 102.083 275.312 83.9913 179.363 0.547193 1.10311 0.235797 0.549511 0.18317 36.1612 4.66239 12.8934 0.60426 1.67102 0.0576796 
263.5 0.00646825 1102.5 93.8298 304.343 115.5 180.868 0.686405 0.854776 0.126439 0.422186 0.140729 35.151 4.17452 11.876 0.719005 2.04548 0.093486 
