276.092 0.00499118 1050 170.93 265.39 96.1235 103.354 0.374345 1.93852 0.0399798 0.145381 0.0484604 44.6483 2.45035 5.48812 0.329305 0.737553 0.0328993 
264.231 0.00487377 958.696 147 218.013 82.5083 81.6988 0.309194 2.51142 0.113595 0.198733 0.0662442 40.891 3.73497 9.13398 0.355079 0.868355 0.0508768 
165.597 0.00610733 196.875 145.066 17.7542 10.7213 6.02707 0.0363961 27.167 0.0105817 0.024505 0.00816832 41.1148 1.53007 3.72146 0.219938 0.534938 0.0269465 
229.493 0.00541302 918.75 147 192.192 83.7465 125.364 0.546266 1.47362 0.162035 0.380511 0.126837 39.922 3.00642 7.53075 0.709915 1.77826 0.0455193 
162.587 0.00618724 186.864 147 12.7243 7.82612 5.11927 0.0314864 31.5715 0.0127539 0.0213787 0.00712624 40.6751 3.67602 9.03753 0.416709 1.02448 0.0579865 
164.085 0.00612547 182.231 142.258 11.735 7.15173 3.60528 0.021972 45.2816 0.0088845 0.016394 0.00546467 40.1984 1.9757 4.91488 0.284648 0.708107 0.0284367 
162.281 0.00619803 190.086 150 12.7812 7.87592 6.43854 0.0396751 25.0587 0.012622 0.03 0.01 40.1727 3.07146 7.64563 0.555837 1.38362 0.0422251 
167.33 0.00599244 180.738 154.196 8.75389 5.23152 4.63099 0.0276758 36.0348 0.0160994 0.0256152 0.00853838 41.7674 3.76229 9.00771 0.328403 0.786266 0.0218501 
160.03 0.00645125 268.902 128.947 34.6086 21.6263 17.1711 0.107299 9.02729 0.0217926 0.103339 0.0344464 43.3113 5.70372 13.1691 0.765634 1.76775 0.06417 
258.217 0.00592971 882 141.346 253.003 97.9807 191.65 0.742205 0.87995 0.22218 0.489484 0.163161 42.1388 4.07147 9.66206 0.465549 1.1048 0.111399 
208.78 0.00552316 689.062 158.633 133.501 63.9436 45.8812 0.219759 3.94619 0.0320235 0.113587 0.0378625 42.1456 4.56967 10.8426 0.577708 1.37074 0.0405464 
154.377 0.0067158 183.75 86.1328 24.3806 15.7929 9.59675 0.0621643 15.516 0.0238042 0.0857625 0.0285875 42.3126 1.23761 2.92491 0.205054 0.484618 0.0089138 
157.331 0.00637272 176.4 146.026 8.11492 5.15785 3.44481 0.0218952 45.5523 0.00878733 0.0190722 0.00635741 41.2677 1.80334 4.36986 0.279941 0.678354 0.0288725 
176.502 0.0064881 512.791 136.957 97.4887 55.2337 62.8903 0.356314 2.45075 0.0897044 0.256132 0.0853773 45.7805 4.20051 9.17533 0.594181 1.29789 0.0606052 
155.981 0.00643579 180.738 145.066 10.0066 6.41526 6.58021 0.0421861 23.6134 0.0173149 0.0321019 0.0107006 43.3247 3.33346 7.69413 0.29872 0.689493 0.0403272 
