326.222 0.00395692 1102.5 130.473 228.512 70.048 100.526 0.308153 2.51399 0.204394 0.356938 0.118979 32.5889 1.75536 5.38639 0.288967 0.886705 0.0248511 
549.679 0.0029932 1102.5 132.036 381.326 69.3724 248.728 0.452497 1.3432 0.469421 0.910256 0.303419 34.6507 6.91134 19.9458 0.513739 1.48262 0.125546 
253.867 0.00446604 469.149 84.1603 83.1695 32.761 33.3821 0.131494 6.70755 0.175737 0.403517 0.134506 33.2656 3.29237 9.89722 0.506359 1.52217 0.0543444 
318.274 0.00393707 1050 216.176 236.188 74.209 97.8927 0.307574 2.59463 0.038013 0.150571 0.0501903 32.589 3.54094 10.8654 0.581167 1.78332 0.105396 
235.849 0.00437156 386.842 188.462 46.8056 19.8456 15.478 0.0656268 14.7791 0.0307768 0.0746145 0.0248715 36.3719 2.81159 7.73012 0.242985 0.668056 0.0343277 
244.733 0.00430839 297.973 96.7105 42.922 17.5383 17.9106 0.0731844 12.9591 0.0381163 0.205013 0.0683375 32.2259 4.59752 14.2665 0.403708 1.25274 0.0503209 
215.874 0.00463822 234.574 208.019 7.86737 3.64442 4.74653 0.0219874 45.4227 0.0128508 0.0315062 0.0105021 34.7313 1.69449 4.87884 0.296075 0.852474 0.0394095 
391.304 0.00366649 1050 179.268 305.905 78.1758 216.557 0.553425 1.25944 0.302358 0.590347 0.196782 32.2424 5.73678 17.7927 1.35354 4.19802 0.144832 
271.171 0.00418058 735 214.078 147.224 54.2921 53.8757 0.198678 4.43988 0.0365737 0.0771422 0.0257141 30.7186 1.34498 4.37839 0.467072 1.52048 0.0757359 
302.949 0.00391912 1002.27 227.32 211.075 69.6734 73.6485 0.243105 3.46455 0.031244 0.101832 0.0339441 30.4851 4.47761 14.6879 0.672032 2.20446 0.102358 
317.883 0.00444192 1050 95.8696 267.354 84.1045 156.184 0.491325 1.44143 0.0829917 0.518151 0.172717 32.8312 3.70815 11.2946 0.880634 2.68231 0.0248116 
271.482 0.00442177 848.077 193.421 179.981 66.2956 60.1536 0.221575 3.75961 0.0371795 0.0389744 0.0129915 33.6272 2.74184 8.15362 0.310707 0.923974 0.00435985 
230.241 0.00460401 268.902 86.1328 39.5783 17.19 25.7044 0.111642 8.44997 0.179449 0.407019 0.135673 31.8022 3.33177 10.4766 0.685666 2.15604 0.0711232 
384.334 0.0037415 1050 206.075 315.406 82.0657 88.9438 0.231423 3.00496 0.138182 0.214815 0.0716049 32.5266 4.066 12.5005 0.709881 2.18246 0.143854 
266.486 0.00480726 1002.27 100.227 215.16 80.7397 157.956 0.592736 1.31694 0.277149 0.726415 0.242138 31.2597 5.31307 16.9966 0.977728 3.12776 0.17864 
304.806 0.00372449 918.75 225 167.091 54.8187 112.246 0.368254 2.392 0.127651 0.300935 0.100312 30.3902 5.41693 17.8246 0.854641 2.81222 0.13729 
217.192 0.00461451 234.574 200.455 10.2071 4.69958 5.92569 0.0272832 36.5709 0.0186732 0.0324324 0.0108108 35.552 3.18784 8.9667 0.610549 1.71734 0.0752822 
225.061 0.0044543 245 210 11.2951 5.01869 5.26286 0.0233841 42.6578 0.00943128 0.0324838 0.0108279 28.4908 3.55958 12.4938 0.37956 1.33222 0.0394249 
249.028 0.00504099 882 91.4938 185.266 74.3956 76.5086 0.307229 2.59283 0.18113 0.508713 0.169571 31.4159 2.36316 7.52217 0.426431 1.35737 0.0395935 
200.125 0.00571807 242.308 84.1603 53.8508 26.9085 28.3414 0.141619 6.17063 0.34501 0.508394 0.169465 35.3368 3.30643 9.3569 0.714871 2.02302 0.0698035 
315.465 0.00366998 882 206.075 174.022 55.1637 132.506 0.420034 2.05637 0.0683777 0.319046 0.106349 29.1507 2.04036 6.99937 0.457635 1.5699 0.0331253 
326.757 0.00471655 918.75 85.1351 271.616 83.1249 276.132 0.84507 0.767818 0.425874 1.24556 0.415187 34.1234 4.2655 12.5002 1.17808 3.4524 0.120614 
