403.504 0.00343456 1136.36 113.636 231.769 57.4391 190.058 0.471018 1.53194 0.354001 0.806709 0.268903 3.73449 1.23183 32.9853 1.71103 45.8171 0.173289 
517.82 0.002576 1000 157.233 252.636 48.7884 255.442 0.493304 1.51971 0.363855 1.05825 0.352751 4.64645 2.16014 46.4901 2.60588 56.0833 0.36798 
350.516 0.00394338 1041.67 128.205 212.513 60.6287 194.699 0.555465 1.30247 0.365767 0.978774 0.326258 3.55578 1.26587 35.6003 1.74459 49.0634 0.17445 
400.249 0.00347944 1086.96 81.9672 244.372 61.0549 179.808 0.449241 1.59838 0.297309 0.774672 0.258224 3.91349 2.10771 53.8575 1.42122 36.3159 0.11739 
400.027 0.00343122 1136.36 80.3859 230.317 57.5753 196.487 0.491186 1.48326 0.378396 0.979098 0.326366 3.76316 1.27964 34.0043 2.02972 53.9365 0.217618 
429.536 0.003396 1086.96 151.515 301.666 70.2307 204.102 0.475168 1.44273 0.270024 0.757754 0.252585 3.70692 0.79504 21.4475 1.74071 46.9583 0.111004 
321.995 0.00427419 1136.36 127.551 214.277 66.5467 155.519 0.482984 1.5044 0.231058 0.562757 0.187586 3.50181 0.822812 23.4968 1.41586 40.4323 0.13639 
562.406 0.00274957 1086.96 85.034 257.645 45.8112 301.809 0.536639 1.20505 0.701049 1.81293 0.604309 4.69222 4.25447 90.6708 2.41446 51.4566 0.604187 
337.265 0.00368 694.444 130.89 163.609 48.5106 230.425 0.683217 1.1793 0.325099 1.12458 0.374861 4.58302 1.60781 35.0818 3.16585 69.0777 0.318477 
563.368 0.00250267 1136.36 130.208 259.935 46.1395 282.608 0.501639 1.41388 0.339822 1.12965 0.376551 3.65688 1.28771 35.2133 2.33443 63.8366 0.154107 
