235.355 0.00631986 1002.27 110.25 224.578 95.4209 140.898 0.598662 1.12302 0.158425 0.319094 0.106365 42.68 5.30655 12.4333 0.453535 1.06264 0.0416416 
125.852 0.0081935 227.32 99.3243 27.9706 22.225 14.7764 0.11741 8.25968 0.050218 0.134544 0.0448481 41.6253 2.11425 5.07924 0.285233 0.68524 0.0523186 
143.666 0.00698207 176.4 136.111 8.52323 5.93268 4.12654 0.0287232 34.7081 0.0134239 0.0386478 0.0128826 41.9603 1.83407 4.37097 0.38277 0.912219 0.0232752 
232.499 0.00449804 393.75 186.864 58.3541 25.0987 33.1008 0.14237 6.71643 0.0368731 0.128832 0.042944 39.7239 1.59204 4.00776 0.345463 0.869659 0.0190878 
403.471 0.00543393 1102.5 125.284 428.202 106.13 198.147 0.491105 0.928751 0.334316 0.60462 0.20154 38.5188 2.02443 5.25569 0.463157 1.20242 0.0574925 
138.583 0.00745001 173.622 88.5542 22.9925 16.5912 15.1869 0.109587 8.83842 0.126271 0.275964 0.0919879 40.2115 1.71975 4.27676 0.44017 1.09464 0.0432296 
216.43 0.00707785 787.5 113.66 212.292 98.0881 168.797 0.779915 0.837014 0.284261 0.647652 0.215884 40.8885 0.88888 2.17391 0.21754 0.532032 0.0135814 
279.475 0.0065581 1102.5 82.5843 312.209 111.713 237.204 0.848748 0.642837 0.33599 0.786564 0.262188 38.798 2.36133 6.08623 0.455506 1.17405 0.0338005 
222.08 0.00662544 1002.27 111.364 248.316 111.814 187.549 0.844512 0.804767 0.21337 0.453295 0.151098 40.2023 5.22005 12.9845 0.529419 1.31689 0.0656612 
216.247 0.00573078 735 120.492 164.92 76.2645 68.635 0.317392 2.54238 0.0558479 0.177618 0.059206 39.0363 1.97366 5.05595 0.360331 0.923067 0.0591998 
385.095 0.0052484 1102.5 113.66 355.95 92.4316 448.457 1.16454 0.424866 0.616227 1.27407 0.424689 39.9263 2.73676 6.85453 0.511883 1.28207 0.0353362 
