217.906 0.00614664 1102.5 133.636 236.829 108.684 139.465 0.640022 1.16654 0.13737 0.304211 0.101404 44.5532 3.86928 8.68462 0.459728 1.03186 0.0598228 
310.803 0.00491176 958.696 123.184 238.107 76.6104 175.975 0.566194 1.15694 0.257948 0.571142 0.190381 45.8816 4.11598 8.97088 0.447774 0.975934 0.0433967 
224.924 0.00693878 1102.5 115.445 271.596 120.75 158.634 0.705277 0.908493 0.119913 0.32872 0.109573 49.0464 2.10215 4.28604 0.140185 0.28582 0.0132837 
203.422 0.00602443 918.75 113.077 152.601 75.0169 84.4561 0.415176 1.96541 0.105558 0.265554 0.088518 46.3447 4.56993 9.86075 0.32292 0.696779 0.046477 
240.986 0.00631897 816.667 95.8696 216.543 89.8572 158.089 0.656011 1.00104 0.145335 0.422727 0.140909 46.4884 5.28622 11.371 0.785848 1.69042 0.0412296 
416.823 0.00442351 1102.5 119.189 326.732 78.3863 374.732 0.89902 0.60327 0.462268 1.14267 0.380891 47.502 5.57066 11.7272 0.908997 1.9136 0.121492 
371.021 0.00454212 1102.5 136.957 323.492 87.1896 322.239 0.86852 0.683223 0.434665 0.894079 0.298026 42.162 4.99936 11.8575 0.56086 1.33025 0.0440796 
142.904 0.00738531 242.308 116.667 39.4731 27.6222 29.6356 0.207382 4.56896 0.103301 0.248422 0.0828073 44.9085 1.52384 3.39322 0.205656 0.457944 0.0172949 
210.494 0.00686017 787.5 103.037 186.4 88.5537 113.336 0.538431 1.28616 0.186907 0.452588 0.150863 46.7132 3.82628 8.19102 0.368598 0.789067 0.0136128 
222.805 0.00618175 501.136 87.5 141.261 63.4013 122.391 0.549321 1.32171 0.332744 0.879694 0.293231 46.8553 3.60558 7.69514 0.489293 1.04427 0.0405438 
354.451 0.00531519 1102.5 114.249 351.855 99.2677 318.953 0.899851 0.589868 0.423373 1.08775 0.362585 44.3263 2.36518 5.33583 0.286793 0.647005 0.0187903 
323.992 0.00497606 1102.5 117.914 283.765 87.5841 188.349 0.58134 1.06697 0.375624 0.888608 0.296203 45.7229 4.17609 9.13346 0.638997 1.39754 0.0860573 
322.74 0.0055102 1002.27 125.284 306.355 94.923 215.538 0.667837 0.841993 0.327366 0.586831 0.19561 43.8502 1.27045 2.89725 0.18679 0.425973 0.0269429 
536.909 0.00461451 1102.5 119.837 450.46 83.8987 387.908 0.722484 0.558658 0.281818 0.881572 0.293857 41.3962 0.831009 2.00745 0.202979 0.490333 0.0124234 
246.073 0.00546485 816.667 126.724 185.21 75.2664 145.359 0.590715 1.25887 0.150682 0.475622 0.158541 46.3717 4.04473 8.72241 0.535417 1.15462 0.0334835 
308.046 0.00558107 1002.27 119.189 283.753 92.1137 226.466 0.735169 0.791189 0.240664 0.541537 0.180512 48.798 4.49546 9.21238 0.40299 0.825832 0.0469349 
312.483 0.00649606 1102.5 91.875 355.85 113.878 211.733 0.677584 0.727045 0.416008 0.806533 0.268844 47.3228 2.75832 5.82874 0.2393 0.505676 0.0226469 
349.563 0.00557823 1050 105 336.282 96.2007 333.046 0.952749 0.538269 0.349826 1.20777 0.40259 50.338 2.86877 5.69901 0.290495 0.577088 0.0254001 
358.445 0.00547241 1102.5 120.492 378.302 105.54 272.019 0.758884 0.671773 0.350779 0.619635 0.206545 44.1349 2.33273 5.28545 0.213623 0.484022 0.0323198 
