389.439 0.00321333 1136.36 182.482 249.648 64.1045 184.662 0.474175 1.68526 0.109757 0.385556 0.128519 3.70103 0.597678 16.149 1.17562 31.7648 0.119809 
399.513 0.00337538 1136.36 210.084 315.847 79.0579 93.0116 0.232813 3.18522 0.0513522 0.284412 0.094804 4.51855 3.20364 70.8996 3.16699 70.0886 0.168221 
756.159 0.00158154 1041.67 208.333 230.023 30.4199 227.28 0.300572 2.78201 0.429961 1.00707 0.335692 4.50149 1.81959 40.422 2.48964 55.3071 0.100862 
289.402 0.00427481 862.069 171.233 184.377 63.7096 132.034 0.456232 1.77172 0.151398 0.42521 0.141737 3.8484 1.03469 26.8862 1.31842 34.259 0.144339 
315.556 0.00416222 961.538 142.857 222.302 70.4476 191.549 0.607021 1.25428 0.291328 0.616858 0.205619 4.23218 1.25754 29.7137 1.96618 46.4579 0.209627 
293.18 0.00449623 1086.96 99.2063 229.673 78.3385 155.949 0.531923 1.42616 0.168401 0.555291 0.185097 4.70282 3.05484 64.9575 2.77143 58.9313 0.203113 
513.89 0.00260727 1086.96 181.159 253.909 49.4092 336.296 0.654411 1.14049 0.399323 1.40973 0.469911 7.71004 2.94533 38.2012 5.36851 69.6301 0.382928 
270.818 0.00428957 1136.36 130.89 169.248 62.4951 84.1551 0.310744 2.77017 0.127627 0.302787 0.100929 3.72069 1.13233 30.4332 1.76545 47.4496 0.162766 
403.838 0.00341231 925.926 151.515 241.881 59.8955 221.872 0.549408 1.32084 0.280589 0.607604 0.202535 4.27113 1.60916 37.6752 3.0762 72.0231 0.103769 
313.056 0.00372667 892.857 203.252 182.218 58.2064 67.2482 0.214812 3.99024 0.0563506 0.0654741 0.0218247 4.1545 2.56489 61.7376 2.37991 57.2852 0.134055 
372.003 0.00351375 961.538 131.579 233.16 62.6768 230.623 0.61995 1.23403 0.247761 0.78966 0.26322 4.55356 2.8915 63.4997 2.35944 51.8153 0.396661 
277.267 0.00452615 1136.36 80.9061 185.31 66.8343 126.884 0.457624 1.74126 0.219055 0.505563 0.168521 4.19579 1.55682 37.1043 1.60149 38.169 0.175267 
402.271 0.00359143 925.926 186.567 261.075 64.9003 165.598 0.411657 1.68143 0.179539 0.334129 0.111376 5.14232 2.65869 51.7021 2.72973 53.0835 0.24506 
