361.716 0.00525227 918.75 84.4828 293.387 81.1099 297.259 0.821802 0.640499 0.598525 1.17431 0.391437 47.9134 2.53345 5.28756 0.232713 0.485695 0.0190732 
439.636 0.00533204 1002.27 114.249 401.723 91.3763 453.476 1.03148 0.413573 0.561531 1.55863 0.519542 45.071 3.50361 7.77353 0.382302 0.848222 0.0376979 
472.668 0.00463341 1002.27 121.154 370.864 78.4618 286.27 0.605646 0.753917 0.473491 0.971941 0.32398 44.786 3.27427 7.31093 0.265178 0.5921 0.026731 
293.758 0.00600635 1002.27 94.2308 261.47 89.0086 254.177 0.865259 0.655019 0.389754 0.870616 0.290205 44.8009 4.2143 9.40672 0.481263 1.07423 0.0403826 
506.494 0.00446259 1102.5 98 391.207 77.2381 254.276 0.502031 0.881269 0.446046 0.784866 0.261622 49.9597 3.03258 6.07004 0.454488 0.909708 0.0818278 
623.602 0.00248299 1102.5 112.5 301.998 48.428 320.821 0.514465 1.25534 0.149315 1.23836 0.412785 48.1954 2.84664 5.90646 0.415227 0.861549 0.0191603 
573.061 0.00424187 1102.5 89.2713 409.883 71.5251 495.192 0.864117 0.476067 0.671613 1.62344 0.541148 48.2598 4.84368 10.0367 0.687823 1.42525 0.0554593 
268.683 0.00623408 848.077 97.5664 259.812 96.6984 246.323 0.916778 0.651212 0.340459 0.939767 0.313256 43.9478 5.0779 11.5544 0.549836 1.25111 0.0711257 
311.346 0.00607029 882 99.3243 289.369 92.9416 218.417 0.701527 0.754229 0.490007 1.00486 0.334952 47.2073 4.40887 9.33938 0.567888 1.20297 0.0773479 
360.625 0.00643991 1102.5 81.6667 363.04 100.67 323.782 0.897836 0.479588 0.678873 1.47887 0.492958 47.4296 3.20246 6.75203 0.377031 0.794927 0.0369134 
317.687 0.0063681 1102.5 98.4375 326.044 102.631 324.129 1.02028 0.484476 0.360178 0.920119 0.306706 47.748 5.80618 12.1601 0.664453 1.39158 0.0299629 
367.292 0.00500103 816.667 80.4745 251.04 68.3489 310.256 0.844712 0.644496 0.615876 1.80462 0.601539 47.6101 3.44526 7.23641 0.577798 1.2136 0.0306463 
370.329 0.00578163 1102.5 86.1328 341.067 92.0984 288.213 0.778264 0.600117 0.368401 0.939011 0.313004 46.4568 1.92528 4.14423 0.35999 0.774891 0.024522 
374.974 0.00530108 918.75 87.5 317.936 84.7888 272.179 0.725862 0.693075 0.515875 1.05121 0.350404 49.2732 3.19383 6.48188 0.389144 0.789767 0.0511882 
393.538 0.00529478 1002.27 100.227 350.625 89.0954 472.138 1.19973 0.400021 0.591863 1.49465 0.498216 48.7085 1.98937 4.08422 0.386495 0.793485 0.0288964 
286.016 0.00707785 1002.27 95.8696 334.668 117.01 140.696 0.491918 1.00419 0.262242 0.495843 0.165281 47.3467 5.63689 11.9056 0.603978 1.27565 0.087549 
135.962 0.00761905 247.753 115.445 32.89 24.1905 13.846 0.101837 9.47929 0.0256614 0.0779221 0.025974 43.4772 3.31152 7.61666 0.470086 1.08122 0.0275694 
190.524 0.00843915 918.75 86.811 228.326 119.841 100.765 0.528883 1.17596 0.0924317 0.32781 0.10927 47.6316 2.85327 5.99029 0.286915 0.602362 0.0416549 
365.359 0.00553288 1002.27 88.9113 318.355 87.1348 294.273 0.805434 0.614184 0.496565 1.49929 0.499762 44.9444 3.19942 7.11862 0.4342 0.966081 0.0527335 
284.755 0.00600259 787.5 88.9113 233.796 82.1042 216.733 0.76112 0.768664 0.353438 0.835492 0.278497 48.2731 2.58658 5.35822 0.326706 0.676787 0.0319389 
580.779 0.00446918 1102.5 95.4545 397.307 68.4093 346.352 0.596359 0.646032 0.836162 1.49621 0.498736 49.0207 3.92641 8.00968 0.445246 0.908281 0.00189001 
326.198 0.00555556 1002.27 94.6352 268.05 82.1739 281.609 0.863307 0.639184 0.288367 0.988571 0.329524 48.2379 1.71351 3.5522 0.243027 0.503809 0.0254586 
