1 1 6 
1 1 6 
1 30 5 
1 30 30 
1 5 39 
1 7 7 
1 25 38 
1 5 22 
1 30 1 
1 30 30 
36 29 29 
31 28 31 
29 18 5 
1 30 5 
5 4 28 
1 36 14 
37 23 22 
28 30 6 
38 37 10 
22 39 1 

2 19 8 
2 19 11 
2 17 28 
2 15 19 
2 2 8 
2 9 21 
2 18 13 
2 35 2 
2 11 15 
2 16 27 
15 10 38 
2 15 11 
3 31 11 
36 25 15 

3 21 11 
3 17 15 
3 15 33 
3 10 9 
3 25 15 
3 9 14 
3 22 29 
3 23 38 
3 3 12 
3 18 12 
14 9 16 
13 29 36 
37 32 26 
3 23 19 
3 25 38 
3 9 10 
29 5 19 

4 20 6 
4 6 4 
4 6 6 
4 5 22 
4 8 16 
4 4 5 
4 4 5 
4 6 7 
4 22 26 
4 12 24 
22 28 31 
22 24 30 
30 7 20 
34 6 20 
4 5 6 
20 20 39 
7 28 6 
4 4 32 
30 20 7 
30 1 5 
39 20 30 
6 28 32 

5 28 29 
5 26 22 
5 7 1 
5 1 30 
5 29 14 
5 24 18 
5 39 39 
5 10 29 
5 4 4 
5 35 29 
9 23 2 

6 4 6 
6 20 4 
6 34 6 
6 20 7 
6 6 7 
6 20 34 
6 34 6 
6 30 28 
6 4 7 
6 28 20 
7 20 34 
37 34 1 
34 33 37 
7 6 28 
4 34 6 
7 7 34 
6 4 7 
34 30 7 
7 20 6 
1 1 6 
6 20 30 
30 34 20 
22 6 28 
28 1 7 
30 34 20 
6 28 20 

7 26 32 
7 5 39 
7 6 5 
7 20 7 
7 33 12 
7 28 6 
7 7 4 
7 1 7 
7 20 30 
7 5 1 
6 20 28 
39 22 28 
30 20 34 
4 24 11 
29 23 13 
4 6 39 
1 1 20 
21 37 33 
39 20 30 
33 13 40 
7 4 7 

8 14 25 
8 26 27 
8 11 3 
8 16 25 
8 22 23 
8 40 18 
8 4 36 
8 19 21 
8 17 2 
8 25 13 
27 2 16 
23 13 10 
14 21 22 
9 23 9 
19 8 21 
28 23 22 

9 24 33 
9 3 16 
9 17 9 
9 23 37 
9 9 23 
9 11 14 
9 35 30 
9 2 21 
9 8 19 
9 11 29 
29 3 19 

10 31 23 
10 29 5 
10 14 36 
10 14 25 
10 38 23 
10 21 30 
10 39 14 
10 39 39 
10 36 29 
10 29 26 
28 22 23 
8 3 29 
29 25 39 
29 19 3 
17 13 35 
24 15 9 
12 18 13 
23 35 22 

11 11 35 
11 11 35 
11 8 19 
11 14 25 
11 9 36 
11 32 33 
11 2 17 
11 21 3 
11 23 23 
11 9 13 
36 15 25 
3 3 12 
17 36 35 
27 12 12 
11 28 23 

12 27 14 
12 32 26 
12 10 33 
12 16 33 
12 37 40 
12 12 33 
12 40 21 
12 33 18 
12 9 33 
12 4 17 
37 37 17 
27 12 37 
21 33 12 
27 16 16 
13 21 33 
21 13 12 
38 37 10 
40 40 18 

13 18 2 
13 23 32 
13 38 12 
13 29 13 
13 23 23 
13 29 17 
13 23 29 
13 24 8 
13 21 40 
13 31 38 
15 36 25 
27 16 16 
22 23 37 
16 25 8 
29 10 15 
32 17 10 
40 27 8 
17 32 12 

14 13 15 
14 5 28 
14 21 22 
14 9 16 
14 8 25 
14 35 17 
14 25 15 
14 8 13 
14 10 36 
14 25 16 
16 5 35 
40 8 27 
17 30 38 
17 19 21 
9 3 12 
13 38 32 
22 23 9 
32 12 26 
22 39 23 

15 35 10 
15 25 3 
15 26 32 
15 17 14 
15 14 15 
15 3 33 
15 36 25 
15 22 24 
15 24 16 
15 10 2 
15 22 24 
17 23 21 
14 35 17 
35 15 24 
37 10 23 
2 19 2 
8 27 26 
12 39 33 
27 40 27 
27 16 18 
21 10 33 
10 2 14 
32 3 12 
21 11 9 
19 23 10 
40 40 37 
24 15 22 

16 9 14 
16 16 18 
16 25 14 
16 35 5 
16 8 16 
16 40 3 
16 24 33 
16 38 8 
16 2 27 
16 16 18 
10 29 5 
15 32 26 
25 29 38 
5 24 8 
27 16 16 

17 36 8 
17 9 19 
17 38 24 
17 29 36 
17 3 27 
17 35 23 
17 15 35 
17 2 28 
17 36 13 
17 4 12 
16 35 5 
17 35 23 
17 2 29 
28 10 19 
10 37 15 
2 19 15 

18 18 12 
18 28 8 
18 5 13 
18 40 27 
18 40 27 
18 19 38 
18 2 13 
18 27 18 
18 16 16 
18 13 3 
10 18 16 
16 40 33 

19 15 2 
19 38 30 
19 21 17 
19 24 27 
19 8 19 
19 21 8 
19 24 9 
19 23 13 
19 31 21 
19 23 35 
15 25 25 
15 17 35 
14 35 11 
35 14 17 
11 17 14 
9 2 21 

20 6 20 
20 20 20 
20 28 6 
20 6 34 
20 4 38 
20 20 39 
20 7 30 
20 34 34 
20 20 20 
20 36 21 
20 39 30 
30 1 1 
20 20 39 
1 30 1 

21 13 33 
21 18 12 
21 14 20 
21 32 31 
21 36 17 
21 10 33 
21 9 27 
21 8 19 
21 11 3 
21 29 35 
9 21 8 
36 17 14 
21 19 8 
38 36 36 
11 32 9 

22 28 31 
22 30 9 
22 1 25 
22 8 38 
22 3 28 
22 39 14 
22 23 23 
22 5 26 
22 9 37 
22 24 15 
3 21 11 
28 18 29 
3 12 3 
31 23 13 
12 14 14 
14 29 28 
5 8 3 
36 29 26 
13 18 18 

23 17 35 
23 13 23 
23 22 37 
23 9 3 
23 22 23 
23 23 13 
23 31 10 
23 29 13 
23 23 22 
23 13 19 
35 23 22 
9 23 23 
19 29 2 

24 37 23 
24 15 27 
24 30 9 
24 5 8 
24 36 35 
24 39 39 
24 27 25 
24 13 25 
24 9 22 
24 17 31 
13 26 38 
32 11 9 
11 9 32 
27 40 40 

25 38 29 
25 21 11 
25 38 39 
25 8 36 
25 15 14 
25 14 16 
25 25 29 
25 32 3 
25 8 13 
25 36 25 
10 37 15 
22 17 18 
40 8 27 
13 23 29 
10 14 36 
12 39 10 
33 21 18 
5 39 24 
27 40 26 

26 32 40 
26 37 32 
26 12 32 
26 33 12 
26 8 27 
26 29 26 
26 10 29 
26 33 14 
26 38 36 
26 5 35 
37 9 26 
27 32 12 
12 27 8 
32 9 11 
2 27 18 
28 18 2 
5 26 35 
26 29 26 
15 10 35 
22 23 23 
16 33 24 
18 9 2 

27 24 15 
27 16 16 
27 18 18 
27 40 40 
27 40 2 
27 40 26 
27 16 33 
27 24 4 
27 12 37 
27 21 3 
26 8 27 
3 18 40 
36 24 29 
27 12 16 
3 18 12 
27 40 40 
16 2 12 
11 11 35 

28 31 22 
28 1 38 
28 31 30 
28 18 8 
28 28 30 
28 6 20 
28 30 21 
28 30 28 
28 14 5 
28 5 22 
30 17 29 

29 13 13 
29 17 38 
29 29 14 
29 39 17 
29 5 14 
29 23 29 
29 13 10 
29 36 10 
29 3 5 
29 26 9 
19 29 13 
15 2 36 
38 16 22 
12 10 21 
29 5 14 
29 13 38 
9 3 10 
4 24 17 
4 12 32 
26 22 22 
32 10 26 
35 23 22 
14 21 10 
24 38 17 
24 30 17 
29 35 26 

30 34 20 
30 28 31 
30 39 22 
30 31 28 
30 31 5 
30 24 9 
30 38 17 
30 1 5 
30 19 30 
30 1 30 
29 17 24 
30 1 30 

31 28 22 
31 28 30 
31 23 13 
31 13 3 
31 35 17 
31 23 10 
31 30 28 
31 36 31 
31 21 19 
31 24 17 
28 28 30 
19 9 21 
9 18 19 

32 12 26 
32 11 33 
32 37 13 
32 25 16 
32 36 17 
32 19 9 
32 26 15 
32 36 35 
32 9 23 
32 10 26 
16 16 18 
36 17 29 
27 16 33 
15 26 37 
21 5 23 
37 38 33 

33 33 32 
33 12 40 
33 9 24 
33 33 21 
33 12 18 
33 15 12 
33 12 26 
33 37 40 
33 12 18 
33 32 3 
21 10 27 
33 15 36 

34 4 28 
34 6 20 
34 6 6 
34 20 34 
34 20 6 
34 34 20 
34 34 34 
34 34 34 
34 34 34 
34 30 34 
34 20 34 
7 34 34 
20 34 34 
20 34 34 
34 6 20 
34 20 34 
20 34 34 

35 5 29 
35 15 19 
35 32 36 
35 2 2 
35 22 15 
35 17 23 
35 24 36 
35 14 17 
35 16 26 
35 9 24 
35 9 25 
8 3 29 
35 2 21 
11 17 35 
31 13 21 
35 11 14 
33 14 32 
2 9 19 
21 8 2 
11 11 21 
3 12 3 
3 3 9 
15 19 22 
35 15 22 
16 16 27 

36 32 35 
36 25 14 
36 25 15 
36 38 36 
36 20 38 
36 32 24 
36 17 11 
36 21 17 
36 29 10 
36 17 8 
35 17 14 
12 33 10 
36 17 22 
17 36 21 
10 14 25 
14 16 25 
16 16 18 
21 10 35 
37 33 15 
11 32 10 
35 24 15 
12 10 39 

37 27 7 
37 40 12 
37 24 23 
37 32 12 
37 22 9 
37 26 9 
37 14 33 
37 40 33 
37 33 17 
37 13 38 
16 16 8 
37 35 24 
3 37 12 
24 29 9 
5 26 22 
32 35 21 
10 8 3 
21 18 33 
13 18 12 
10 15 36 
33 15 12 
22 37 23 
39 29 17 

38 26 25 
38 20 13 
38 36 26 
38 25 39 
38 17 30 
38 16 3 
38 13 12 
38 25 1 
38 10 37 
38 22 26 
33 3 15 
25 15 17 
37 22 9 
2 19 15 
36 35 32 
29 3 5 
17 25 38 

39 37 29 
39 39 1 
39 30 10 
39 25 38 
39 22 10 
39 24 39 
39 29 10 
39 5 14 
39 39 1 
39 30 20 
9 23 37 
22 37 23 
8 24 11 
35 32 36 
31 23 9 
29 22 3 
31 13 23 
8 1 5 
29 13 13 
38 30 17 
15 25 36 
39 25 22 
19 38 39 
32 16 11 
36 36 14 

40 16 32 
40 40 37 
40 27 27 
40 27 18 
40 37 33 
40 26 40 
40 27 40 
40 18 27 
40 40 27 
40 37 12 
40 33 26 
7 24 33 
27 16 2 
40 27 18 
21 18 33 

