1 1 4 
1 4 9 
1 3 3 
1 6 5 
1 4 6 
1 9 4 
1 4 3 
1 6 1 
1 4 1 
1 1 7 
5 9 5 

2 2 2 
2 2 8 
2 2 1 
2 3 1 
2 2 3 
2 2 5 
2 2 2 
2 3 3 
2 3 3 
2 2 1 
3 3 2 
1 2 3 
6 5 2 
3 2 3 
2 2 2 
3 3 2 
2 3 1 
3 3 2 
3 2 3 
2 1 2 
2 3 3 
3 2 1 
2 2 3 
3 2 3 
3 2 1 
2 1 2 

3 10 10 
3 1 3 
3 2 1 
3 3 2 
3 8 3 
3 2 3 
3 3 1 
3 3 1 
3 3 2 
3 1 3 
2 1 2 
9 5 5 
3 2 3 
7 8 7 
9 1 6 
2 1 3 
2 2 5 
9 10 8 
9 5 5 
9 10 7 
3 3 1 

4 1 6 
4 10 10 
4 7 1 
4 6 7 
4 1 9 
4 10 10 
4 4 4 
4 5 7 
4 1 9 
4 9 8 
8 4 10 
9 6 8 
1 6 1 
5 5 9 
4 7 5 
7 4 4 

5 6 6 
5 8 9 
5 5 9 
5 6 2 
5 5 9 
5 7 9 
5 6 4 
5 9 5 
5 4 6 
5 7 9 
4 1 6 

6 5 4 
6 1 8 
6 4 6 
6 4 7 
6 9 9 
6 5 5 
6 1 4 
6 5 1 
6 9 1 
6 9 8 
7 4 4 
4 1 1 
6 1 8 
4 1 1 
9 4 9 
5 6 1 
8 9 8 
5 6 1 

7 7 4 
7 7 7 
7 4 1 
7 4 6 
7 5 9 
7 10 6 
7 7 7 
7 9 5 
7 4 4 
7 5 9 
9 6 7 
8 5 9 
4 1 9 
8 8 9 
7 4 4 

8 4 9 
8 10 9 
8 6 1 
8 8 8 
8 10 9 
8 8 8 
8 10 10 
8 10 4 
8 5 9 
8 6 9 
9 8 8 
8 4 9 
8 10 8 
10 8 4 
9 10 7 
9 8 10 
6 4 9 
10 10 8 

9 1 4 
9 9 6 
9 8 10 
9 9 7 
9 5 5 
9 9 7 
9 6 1 
9 4 8 
9 10 8 
9 7 9 
5 7 9 
10 8 8 
5 1 6 
4 7 6 
6 1 1 
6 8 9 
10 4 10 
8 6 9 

10 9 7 
10 10 10 
10 4 10 
10 10 10 
10 10 8 
10 10 8 
10 10 10 
10 10 8 
10 10 10 
10 8 10 
10 10 8 
3 4 10 
8 4 10 
10 8 10 
10 8 8 

