1 2 8 
1 15 16 
1 8 9 
1 3 13 
1 12 9 
1 4 2 
1 12 2 
1 12 11 
1 1 12 
1 12 3 
3 8 13 
20 14 14 
4 17 11 
4 5 8 
1 3 8 
19 3 18 
9 10 11 
19 13 6 
9 10 11 

2 5 10 
2 12 1 
2 13 19 
2 4 1 
2 1 2 
2 19 2 
2 12 11 
2 9 11 
2 11 3 
2 5 16 
2 9 11 
4 10 8 
1 4 2 
2 11 16 
10 19 5 
5 2 9 
14 13 20 
16 12 4 
14 20 14 
14 3 6 
8 3 14 
1 3 12 
19 14 3 
8 16 13 
5 10 2 
20 20 14 
11 2 9 

3 1 12 
3 3 6 
3 12 1 
3 13 9 
3 3 12 
3 20 19 
3 11 9 
3 3 12 
3 14 6 
3 3 6 
16 4 12 
2 19 13 
12 16 4 
11 1 6 
14 3 3 

4 9 10 
4 5 5 
4 11 16 
4 16 8 
4 14 11 
4 10 5 
4 2 1 
4 15 6 
4 19 16 
4 12 11 
3 13 13 
4 10 8 
4 16 16 
15 5 2 
2 13 19 
5 2 16 

6 6 14 
6 15 16 
6 4 9 
6 20 14 
6 20 14 
6 5 8 
6 6 11 
6 14 6 
6 3 3 
6 20 2 
6 3 13 
3 20 14 

5 2 16 
5 17 16 
5 8 4 
5 11 14 
5 5 8 
5 8 5 
5 11 9 
5 10 10 
5 18 8 
5 10 2 
2 12 12 
2 4 1 
1 4 4 
1 4 2 
4 1 12 
8 5 19 

7 7 9 
7 7 7 
7 15 13 
7 15 10 
7 3 1 
7 7 17 
7 17 17 
7 7 17 
7 7 7 
7 8 5 
7 17 18 
17 17 18 
7 7 18 
17 17 18 

8 1 20 
8 6 6 
8 1 7 
8 19 18 
8 4 15 
8 17 4 
8 14 1 
8 5 5 
8 12 18 
8 16 13 
8 5 5 
4 1 1 
8 5 5 
8 4 2 
19 14 11 

9 15 18 
9 17 11 
9 12 15 
9 9 13 
9 15 16 
9 1 12 
9 10 10 
9 13 9 
9 10 11 
9 11 2 
8 18 12 
15 6 16 
3 14 1 
18 10 10 
1 1 6 
1 16 15 
13 16 16 
16 13 4 
6 6 11 

10 4 18 
10 10 18 
10 9 9 
10 12 15 
10 9 10 
10 10 19 
10 18 17 
10 16 11 
10 10 9 
10 5 19 
10 9 2 
10 10 10 
5 16 2 

11 10 16 
11 2 14 
11 17 9 
11 6 13 
11 16 2 
11 9 1 
11 14 12 
11 12 1 
11 9 2 
11 4 18 
13 19 12 
19 11 14 
19 4 16 
14 20 20 

12 16 4 
12 8 3 
12 9 15 
12 1 15 
12 2 1 
12 1 3 
12 12 16 
12 19 3 
12 11 1 
12 12 2 
2 13 19 
9 4 6 
20 14 14 
10 16 16 
1 1 12 
16 4 12 
8 6 6 
11 5 19 
14 20 13 

13 19 20 
13 19 2 
13 19 6 
13 1 3 
13 14 20 
13 16 13 
13 16 9 
13 1 19 
13 11 12 
13 13 3 
13 10 2 
14 19 6 
14 1 12 
19 11 14 
14 6 3 
15 6 4 
13 13 3 
13 16 13 
2 5 10 
9 10 10 
3 11 9 
6 8 17 

14 11 2 
14 3 3 
14 6 6 
14 20 20 
14 20 3 
14 20 13 
14 3 11 
14 11 4 
14 3 1 
14 8 1 
13 14 20 
6 20 20 
11 16 12 
14 3 3 
6 20 20 
14 20 20 
3 14 14 
4 1 2 

15 18 9 
15 12 9 
15 18 17 
15 6 12 
15 15 17 
15 7 13 
15 17 8 
15 17 15 
15 1 16 
15 9 1 
17 4 16 

16 4 16 
16 4 17 
16 16 1 
16 4 12 
16 1 16 
16 10 16 
16 13 16 
16 16 12 
16 16 5 
16 13 8 
5 16 10 
2 9 18 
3 9 10 
8 12 4 
16 1 6 
16 4 16 
5 8 18 
11 4 14 
19 11 14 
13 9 9 
19 13 16 
10 9 9 
1 8 16 
11 4 18 
11 17 4 
16 13 13 

17 7 17 
17 15 18 
17 9 7 
17 18 15 
17 18 17 
17 11 9 
17 4 16 
17 17 18 
17 5 17 
17 17 10 
16 4 11 
17 17 10 

18 15 9 
18 15 17 
18 10 10 
18 8 3 
18 4 10 
18 10 5 
18 17 15 
18 18 9 
18 8 5 
18 11 4 
15 15 17 
5 8 6 
6 5 8 

19 13 2 
19 12 20 
19 10 18 
19 12 3 
19 4 11 
19 5 11 
19 13 2 
19 8 18 
19 10 10 
19 13 4 
3 3 6 
4 16 13 
14 3 11 
2 13 19 
8 10 4 
1 16 12 

20 3 19 
20 20 20 
20 14 14 
20 14 6 
20 13 8 
20 13 20 
20 14 20 
20 6 14 
20 20 14 
20 20 20 
20 13 20 
11 13 12 
14 3 20 
20 14 6 
8 6 20 

