50 7 5 5 0.0021837 0.07426 10000000

-0.558729 -0.287133 -0.407235 -0.253915 0.0195538 -0.837518 -0.565868 
-0.489702 -0.252343 -0.678105 -0.325224 -0.274109 -0.686398 -0.190685 
-1.25251 1.2308 -1.02946 -1.29571 1.10306 0.985737 0.407451 
-1.11402 0.0509361 -1.09219 -1.19424 0.205454 0.635115 -0.375177 
-1.04161 0.268807 -1.03653 -1.3834 0.156492 -0.678438 -0.733444 
-1.06639 -0.89698 -1.41186 -1.36483 -0.773016 -1.37258 -1.51922 
-1.08112 -0.337643 -1.33714 -1.36877 -0.604965 -0.833244 -0.901628 
-0.760204 0.0969768 -1.26099 -1.2119 -0.173155 -1.2553 -0.576622 
-1.0736 -1.25441 -1.27494 -0.796632 -1.26843 0.983351 -0.514527 
-1.32308 -0.701966 -1.45773 -1.53846 -0.712216 -0.611243 -1.2335 
-1.44391 -0.613673 -1.49302 -1.54496 -0.942065 -1.07391 -1.06004 
-0.822555 -0.741208 -0.515714 -0.542713 -1.11152 -1.62577 -0.703291 
-0.0453702 0.390266 0.657011 0.606843 0.417169 -0.150995 0.667674 
-0.205501 0.553406 0.915214 0.530054 0.544685 -0.303033 0.386077 
0.506983 0.784864 1.45311 1.09492 0.881449 0.0488546 0.842995 
-1.3036 -0.882223 -1.14151 -1.30199 -1.27584 -2.28533 -1.36635 
0.818998 1.84016 1.56529 1.39008 1.62298 1.08398 2.02291 
0.595307 0.723456 1.37741 1.16057 0.378126 -0.293232 0.99723 
-1.41687 2.56999 -0.3661 -0.845779 1.65932 0.700338 1.54927 
1.26076 1.89675 1.7784 1.78027 1.95734 1.89507 2.54422 
-0.516068 -1.31822 -0.575264 -0.565311 -1.54856 -0.97546 -1.21988 
1.09946 -0.727662 1.05277 1.12258 -0.288288 0.905534 -0.111391 
0.661489 -0.999959 0.491986 0.565683 -0.755612 0.405959 -0.41762 
-1.25075 -1.42473 -1.37636 -1.30922 -1.64354 0.460684 -1.31471 
0.252196 -1.34824 0.067601 0.17742 -1.26462 -0.416298 -0.847459 
-0.303606 0.0385321 0.589052 -0.0511523 0.423587 -0.351612 -0.587107 
-0.610295 -1.47461 -0.642456 -0.673862 -1.51413 -1.09274 -1.49504 
-1.27781 -1.83271 -1.66272 -1.70824 -2.11996 -1.77687 -2.1708 
-0.0619718 -0.568152 0.444809 0.203287 -0.569088 -0.089692 -0.397341 
1.03162 -1.35534 0.309033 0.497422 -1.19555 0.260917 -0.632167 
-0.451249 0.852869 -0.810429 -0.447452 0.23982 -0.164539 0.836292 
-0.282225 -0.414784 -0.320454 -0.200046 -0.0459125 -0.886386 -0.467518 
-0.325628 -0.764136 -0.679258 -0.242962 -0.571063 -1.20221 -0.596574 
-0.357693 1.69345 0.255172 0.0348197 1.77522 0.660626 1.07169 
0.0328309 -0.389829 -0.614833 -0.293606 -0.610381 -0.460093 -0.04773 
-0.0911649 1.08056 0.193616 0.288996 1.18873 1.1373 1.19931 
-0.0275129 0.756702 0.0403811 0.249138 0.717631 0.462068 0.806965 
-0.365681 0.495141 -0.271667 -0.236914 0.59286 -0.646329 0.0324542 
-0.221889 0.357056 -0.528244 -0.456915 0.0740916 -0.664407 0.223847 
0.382763 1.47727 0.469829 -0.0655193 1.47539 0.155622 0.560675 
0.961824 0.228257 0.700739 0.73099 0.465118 0.570384 0.334492 
1.76284 -0.354626 1.52809 1.60309 0.0257664 1.27512 0.266319 
1.38977 -0.425023 1.05124 1.04902 0.0187962 0.593311 0.0869568 
1.50094 1.16537 1.60908 1.06955 1.66809 0.725302 0.697059 
0.732251 -0.425015 0.365586 0.451194 -0.521689 0.15671 -0.0796322 
0.982374 0.311753 0.625823 0.974238 0.343081 1.24441 0.912869 
2.13436 0.945574 1.64711 2.00457 1.04737 2.31835 1.99639 
1.66922 0.425542 0.983495 0.971043 0.726782 0.969094 0.590912 
1.89836 0.673387 1.07864 1.54952 0.952909 2.03177 1.4149 
1.46797 -1.11727 0.733709 1.11442 -0.89716 0.0680208 -0.323653 

1 0 0 0 0 
1 0 0 0 0 
1 0 0 0 0 
1 0 0 0 0 
1 0 0 0 0 
1 0 0 0 0 
1 0 0 0 0 
1 0 0 0 0 
1 0 0 0 0 
1 0 0 0 0 
0 1 0 0 0 
0 1 0 0 0 
0 1 0 0 0 
0 1 0 0 0 
0 1 0 0 0 
0 1 0 0 0 
0 1 0 0 0 
0 1 0 0 0 
0 1 0 0 0 
0 1 0 0 0 
0 0 1 0 0 
0 0 1 0 0 
0 0 1 0 0 
0 0 1 0 0 
0 0 1 0 0 
0 0 1 0 0 
0 0 1 0 0 
0 0 1 0 0 
0 0 1 0 0 
0 0 1 0 0 
0 0 0 1 0 
0 0 0 1 0 
0 0 0 1 0 
0 0 0 1 0 
0 0 0 1 0 
0 0 0 1 0 
0 0 0 1 0 
0 0 0 1 0 
0 0 0 1 0 
0 0 0 1 0 
0 0 0 0 1 
0 0 0 0 1 
0 0 0 0 1 
0 0 0 0 1 
0 0 0 0 1 
0 0 0 0 1 
0 0 0 0 1 
0 0 0 0 1 
0 0 0 0 1 
0 0 0 0 1 

-1.64097 -4.73345 -2.08713 -0.793227 -1.08835 
14.0206 6.05146 -10.0446 1.42901 7.65432 
0.58059 3.52585 1.99389 -2.61879 -2.21073 
-1.42236 1.17975 12.465 7.09078 5.10293 
2.59794 3.78443 -4.23969 2.99902 0.253585 
5.63392 -4.48608 -7.65637 -2.16609 -2.95078 
-15.1843 -7.49614 -2.33045 1.58142 2.39522 
11.9099 6.01417 6.62142 -1.98396 -8.9005 

8.87427 -8.39309 -8.01732 -8.144 -17.4151 
-15.5138 -7.98844 -12.0738 18.8354 9.36169 
-6.12995 11.0795 -8.46993 -4.49784 7.99621 
-16.9596 16.0037 -1.12848 -3.98006 -12.4982 
-4.13544 0.503255 3.12059 -12.4875 2.60876 
-13.1436 -14.2774 15.4146 -3.27957 6.20829 

4.48e-07 1.08e-07 -7.21645e-18 -2.78e-07 4e-09 1.46e-07 8e-08 
2.28852 1.62635 1.06763 1.15509 1.45887 0.861255 1.33971 
