18 7
  0.302946   0.124706   0.247715  0.0728244   0.132167 0.00197937   0.234429
   0.13644   0.195659   0.529089   0.125009   0.141641 0.00119269   0.180633
  0.294923   0.104783 0.00399795     0.3982  0.0736137  0.0249674  0.0346039
  0.155874   0.118791   0.395814   0.348823   0.416868    0.11901   0.185517
  0.337096  0.0431107  0.0314074   0.168541  0.0926558  0.0570513  0.0510627
  0.233541   0.178327   0.233354   0.445344 0.00348158  0.0694193   0.177691
   0.33921  0.0373283  0.0354181   0.166703   0.112414  0.0332835   0.110189
  0.317549  0.0545246    0.20452  0.0249103  0.0281674  0.0360112   0.082543
   0.24592   0.105569  0.0313896   0.415815    0.26079   0.131996  0.0552213
  0.324893  0.0946133 0.00458468   0.234286  0.0386454  0.0178667   0.012157
  0.325645  0.0844499 0.00185752   0.284322 0.00578526  0.0338702  0.0563746
  0.325645  0.0844497 0.00185776   0.284322 0.00578529    0.03387  0.0563749
 0.0894707   0.301659   0.331687  0.0465536   0.479279    0.29612   0.426068
  0.031769   0.319941   0.419361  0.0421889   0.414233   0.320304  0.0488501
0.00260021   0.428267    0.21465  0.0759144   0.115303    0.48377   0.194212
 0.0247116   0.417726   0.143286  0.0883163   0.126182   0.621645  0.0633605
0.00787586   0.463659  0.0250439   0.111065    0.12487    0.37763   0.255254
 0.0802558   0.287128   0.222189   0.156093   0.495547  0.0364673   0.723397

281.18 0.00571715 806.719 123.205 212.965 72.0522 153.879 0.478095 6.14213 0.217631 0.556932 0.185644 40.5082 3.0978 7.90673 0.429785 1.12046 0.0463905 
112.118 0.00140018 317.961 33.8289 120.777 34.347 133.551 0.311925 11.4077 0.199457 0.535936 0.178645 7.02811 1.16614 3.43184 0.170847 0.560815 0.0259861 