18 8
  0.293066  0.0839481   0.299901   0.116342  0.0191026   0.112085  0.0499535   0.143213
  0.108998  0.0296232     0.5287   0.371453    0.22813   0.114955  0.0763472   0.312945
  0.295527  0.0166013   0.198408   0.351082  0.0826921   0.129269   0.120988  0.0260255
  0.166553  0.0728835   0.336715   0.506301   0.104653   0.420064  0.0305591   0.256323
  0.327392  0.0298847  0.0726153    0.21745  0.0648972  0.0632425  0.0784875 0.00307346
  0.252455  0.0414032   0.386441   0.299629   0.109324   0.205151    0.10151  0.0358278
  0.327765   0.102496   0.122667  0.0529142  0.0829654  0.0552156  0.0339196   0.249759
  0.312039  0.0578569   0.130247   0.029632   0.120287   0.194723  0.0690045   0.403478
  0.248708  0.0491218   0.328415    0.10722  0.0501604   0.115356  0.0768082   0.622513
  0.309518   0.126078   0.175996     0.2023  0.0141048  0.0740667 0.00625664 0.00548532
  0.308778   0.138942   0.191222    0.21978  0.0274634  0.0512711  0.0600954    0.06172
  0.308778   0.138942   0.191222    0.21978  0.0274631  0.0512713  0.0600954    0.06172
  0.101767   0.124225   0.168492     0.0842   0.758012   0.258752   0.429457 0.00322964
  0.132596   0.411416  0.0721613   0.014153   0.386777   0.303029   0.118647   0.256745
  0.116823   0.454562  0.0232137  0.0497722   0.168596   0.376555    0.25091   0.233625
 0.0977639   0.465918  0.0962056  0.0620633   0.105784   0.132188   0.512957  0.0763762
 0.0705238   0.456999   0.152803  0.0243108   0.329194  0.0672549   0.349678   0.103221
  0.083531   0.309613   0.111661   0.406091   0.126099   0.589394    0.54194   0.237782

253.484 0.00618782 747.76 113.882 197.14 72.0352 141.441 0.47716 6.46192 0.209338 0.530388 0.176796 39.1761 3.07974 7.88037 0.434765 1.12991 0.0459897 
104.387 0.00102056 345.842 26.2591 125.826 37.0783 132.065 0.333427 11.1862 0.201433 0.524745 0.174915 4.26991 1.23804 3.06112 0.164367 0.467892 0.0276832 