200 8
    2.45457     2.67634     1.48377     2.06132     1.92603     2.85434     2.87932      1.4865
  -0.122956   0.0302685    0.460199    0.554183      0.5687    0.293429    0.583145   -0.275692
    -1.2332    -1.04771    -0.85745   -0.648749  -0.0768681   -0.185077    -1.18532   -0.765986
  -0.438378    0.305589   0.0589618    0.352966    0.410428    0.610083    0.385998    -0.18168
   0.834212     1.20571    0.713414    0.670604     1.98134     1.38414     1.35907    0.427921
   -2.91172   -0.399536    -1.19645    -1.83424   -0.292673     -1.0052   -0.391011    0.121454
   0.596721   -0.750174    0.542574    0.772905     0.18725     0.15706   -0.274444   -0.365228
    1.90073      1.0873     1.30926     1.53387     1.14988     1.58375     1.12874    0.929232
   0.864773  -0.0108116    0.718798    0.819182    0.742525    0.635741    0.143539   0.0823612
    1.58997     0.88379    0.893488     1.29548     1.09732     1.37121      1.5364    0.422786
    1.61612     1.33825     1.24876     1.84361     1.11296     2.05536      2.0558     1.11018
    1.52504     1.47693     1.23414      1.2017     1.21582      1.1423     1.48634    0.529652
  -0.721737     0.59416    0.183597    0.312747    0.332622    0.457729    0.848552    0.228402
    -3.0582    -1.88291    -1.19036    -1.70613   -0.331738    -1.69201    -1.23148   -0.872931
    1.24808     -2.4041    0.766127    0.577603   -0.580634   -0.989685    -1.85946    -0.36759
    1.87518    -1.21994     1.18903     1.02789   -0.228455   -0.499964   -0.799496  -0.0311962
   0.716294   -0.557198    0.794712    0.719237    0.478453    0.273547  -0.0291389     0.26704
   -1.17411   -0.330839  0.00446917   -0.623144    0.264021   -0.807277   -0.156211   -0.275847
    1.99286   -0.776183    0.968805    0.778175   -0.134927   -0.600638   -0.485659   -0.026489
  -0.542354      -2.017    0.203369   -0.192646   -0.365103    -1.40699    -1.33436   -0.885745
  -0.995731    -2.24879   -0.385571   -0.174112   -0.216557   -0.852381    -1.06413    -1.26286
    2.92978    0.312189     1.77622     2.03546     1.49086     1.37145     1.15959    0.694519
     1.2115    -1.86202    0.265055    0.262144        0.22   -0.842836    -1.13506     -1.0977
  -0.384236     -1.1492   -0.141719   -0.420452    0.411767   -0.713722   -0.635512   -0.882606
    2.28056     1.49098    0.886635     1.22708     1.78713     1.41248     1.77277    0.232439
    2.81583     1.66213     1.53539     1.84966     1.46624     1.77654     2.06423     1.06172
  0.0414057     1.53674    0.297472   0.0176271      1.4691    0.786549     1.36901    0.406164
    2.36819     5.29652     1.55158     1.21888     3.03103     2.72437     4.21274     1.71686
    3.32237     1.91342     1.61505     1.81796    0.742015     1.38596     1.50623    0.838591
    3.52408    0.877902     1.73922     1.87617     0.83406    0.938864    0.619034    0.740726
   0.927864    -1.45215     0.69587    0.741975  -0.0195187   -0.354803   -0.795278    -0.36821
   -3.18496    -2.67271     -1.2621    -1.59613   -0.832035    -1.58678    -1.39643   -0.446691
   -3.51236    -3.95939    -2.24391     -2.6432    -1.49648    -3.04826    -2.90421    -2.05884
  -0.764674   -0.923787   -0.640064   -0.505691   -0.223601   -0.285094    -1.06086   -0.570007
    3.72553     2.74993     2.17115     2.19462     1.77307     2.08938     2.34115     1.77925
  -0.742993    0.279302     0.10727   0.0847061   -0.224999   -0.135871    0.252277   -0.264133
   -3.83149    -4.50457    -1.69696    -2.45737    -1.83346    -3.72683    -3.32638    -1.92586
  0.0474114    -1.64805    0.640382    0.314407   -0.544957    -1.06126    -1.02589   -0.467575
   0.747733     1.31428     0.86665    0.526039    0.982269    0.582331     1.32072    0.535194
    2.43248     3.76645     1.48133     2.11797     1.73801     3.04354     3.63487     1.61531
  -0.966582     -1.2319   -0.462557   -0.505111    -2.01149    -1.72288    -1.36306   -0.916317
   -3.19907    -2.18199    -2.23934    -2.61945    -2.52696    -2.74116    -2.77855    -1.34817
   -1.05454    0.178982   -0.964888   -0.801185     -1.0993   -0.478109    -0.50989   -0.546525
   0.324869    -1.46736    0.222226 -0.00590295    -1.23527    -1.35746    -1.47243   -0.835469
   -2.96135    -2.53443   -0.945084    -1.51428    -2.15719    -1.87526    -2.01221    0.589793
   -3.25353     -2.9868    -1.20818    -2.01554    -2.04158    -2.58533    -2.64597    -0.14413
   -2.46175    -2.46261    -1.20293    -1.23404    -1.64353    -1.94006      -2.059     -1.3133
   -2.63021    0.436601   -0.948329   -0.777076   -0.550859  -0.0234707    0.833209    0.210257
    -3.0075    -1.62834     -1.6142    -1.86951    -1.81355    -2.03277     -1.9202    -1.03306
   0.644566    -1.19807    0.830074    0.416738    -1.30175    -1.28075    -1.25971   -0.104517
    5.71215     6.64807     2.74851     3.95268    0.911035     4.62779     4.93002     3.14757
    0.84305     1.92556     0.17772  -0.0547802   -0.288114     -0.0744    0.908075    0.226501
    2.30483      3.8415     1.01484     1.50092    0.414605     2.57232     2.14105     2.08255
    5.15396     3.35945     1.75296     2.13636   -0.028241      1.6178     1.58456     1.04703
    2.98935     1.54992    0.816838    0.810601   -0.676889    0.316512    0.285119    0.520847
   -2.61301    -2.41355    -1.42908    -1.79749    -2.32232    -2.83054    -2.49454    -1.55326
    2.15712    0.792867      1.0445    0.802465   -0.410581    0.223773     -0.1467    0.968917
    5.77183     1.64166     2.09163     1.79335   -0.710699    -0.30385   0.0990803      0.4995
    2.89746     4.15895     1.76226     1.31647     1.38322     1.64884     2.72737     1.74634
    1.84474    0.821988     0.35002    0.528802   -0.465106    0.410062    0.591839    0.552188
   -2.09076    -2.05082    -2.12002     -1.9681    -1.58037    -1.88378    -2.10622    -1.82847
   -3.09518    -3.37226    -2.95034    -2.93013    -2.44044    -2.85105    -3.21646    -2.22728
   -1.06213    -3.33765   -0.687934   -0.157421    -1.12094    -1.20669     -2.5446    -1.63308
   -1.86933     0.45098    -1.28278   -0.761852    -1.22032    0.059737   -0.602541   -0.223857
  -0.711816    0.183666    -1.12342   -0.707536     -0.2626     0.16318   -0.217467   -0.494732
   -2.75724    -1.28138    -2.41625     -2.5361    -1.92977    -2.26163    -1.48637    -1.60107
   -2.66049    -2.58022    -1.48873    -1.46423    -2.34597    -1.51321    -2.51821   -0.127139
   -2.08332    -2.31726   -0.765329   -0.176301    -2.12961  -0.0576387    -2.00923    0.891024
   -3.08443    -3.56964    -2.84687    -2.89944    -2.48912    -3.19466     -3.3359     -2.4364
   -1.12778    -2.98362    -1.48991    -1.44724    -1.59303     -2.3347    -2.65263    -2.06231
    2.81232     3.07185     1.44557     1.43052     2.39525     2.14344     2.74351     1.07345
    2.67173     1.83316     0.63653    0.401515     1.11596    0.776533     1.08971    0.048009
  -0.531592     1.18599   -0.283913   0.0632787    0.574829    0.990521    0.949131   0.0163986
   -2.51854   0.0757539   -0.854374   -0.919639    0.174304   -0.129863    0.367291   -0.108317
  -0.648493     1.17907   -0.092043    0.747173     1.19615     2.17661     1.60764    0.442405
   -1.12873   -0.174583   -0.231643   -0.465812    0.119857   -0.265106  -0.0592566   -0.250266
  -0.214156     1.43898    0.498282    0.592656    0.566598    0.678612     1.49011   0.0491735
   -2.81596     -1.4696   -0.751834    -1.50233   -0.751721    -1.24214    -1.19102     0.64665
   -0.57758   -0.306369    0.273404    0.274652    0.604445    0.144052    0.216129   -0.211727
  -0.109745    -1.66373    0.807725   0.0976089    0.793675   -0.918491   -0.502836   -0.493491
    -2.7596  -0.0216313    -1.86049    -2.10111   -0.982357    -1.30377   -0.343014   -0.764052
   -1.40058     1.11973   -0.308703  -0.0946495     1.02449      1.0005     1.18257    0.117678
   -2.07752    0.641936    -1.53542    -1.47101    0.119364   0.0341981  -0.0562867   -0.347078
  -0.183787     1.11682   -0.160779    0.195897    0.362453    0.911264      0.6164  0.00803143
    -0.7904     1.05241  -0.0894406    0.172369     1.05523      1.1214    0.974981       0.112
   0.666249     1.56614    0.216279    0.538122     1.45133     1.64871     1.20292    0.392563
     1.3992    0.196796     1.00156    0.795836    0.765846    0.472141  -0.0508952    0.447071
  -0.842369   -0.981352   -0.499172  -0.0417483   -0.405176   -0.178124   -0.443716   -0.816878
   -1.34618    0.146499   -0.466102   -0.114928    0.465355    0.430128    0.694945   -0.310937
   -1.11342    0.298686   -0.702745    -0.73336    0.441822  -0.0180979    0.513731   -0.324171
   -0.59876   -0.197648    0.319261    0.535278    0.699231    0.491804    0.604438   -0.302943
   -3.38325    -3.50931    -1.64656    -1.94848     -1.1054    -2.27319    -2.22674    -1.32582
   -1.84089    0.659993   -0.971595   -0.631968    0.582269    0.830107    0.566294   0.0155828
   -2.53345   -0.904836    -1.14721    -1.43973   -0.186714   -0.951089   -0.949489   -0.667884
    1.04107   -0.860423    0.994909    0.751623     0.53773  -0.0395279   -0.571656   0.0636715
   -2.27904     1.73037   -0.522457    -1.02964    0.271862    0.217526     1.43583     1.03434
     -2.255   -0.303864   -0.418299    -1.16425   -0.681115   -0.491661   -0.217721     1.58571
   0.625971     3.32905    0.530496     0.82388     2.68974     2.84172     3.10593     1.15933
    1.33151   -0.227111     1.61754      2.0411    0.836721     1.42043    0.871981      0.7925
   0.829106    0.746287     1.20015     1.03327     1.29118    0.937127     1.13753    0.600435
  -0.621166    -1.74683   -0.896743   -0.842795   -0.136513   -0.885758     -1.3097    -1.13432
    1.05687    -1.23201    0.343989    0.260895   -0.198369    -0.63722   -0.433517   -0.345636
    -2.2514    -3.03735    -1.41608    -1.42325   -0.894893    -1.94076    -2.11072    -1.90531
    2.24882     1.32088    0.725851    0.711878    0.985109    0.733792    0.846228     0.34629
    0.60954     0.89714    0.434626    -0.18307     1.16792   -0.104112    0.875391  0.00198789
  -0.193185    -1.72612 -0.00432621    0.223197   -0.746727    -0.88928    -1.21925    -1.22893
   0.946434    -2.26563    0.225414    0.360881   -0.681659    -1.23584    -1.32263     -1.3626
    1.56486    0.784066    0.999901    0.746686     1.18346    0.588381     1.01136    0.285313
  -0.983078  -0.0211812   -0.234726   -0.197172    0.338637  -0.0407782     0.59342   -0.338927
   -2.78831     -0.5517    -1.67132    -2.50003     0.24451    -1.57145    -0.89055   -0.913427
  -0.639043   0.0790414   -0.129424   -0.327763    0.232735   -0.236197    0.450814   -0.209797
   -1.17772     -1.4167   -0.279265   -0.151253   -0.448243   -0.724691   -0.823804   -0.933498
   -2.68195    -1.47382    -1.55843    -1.42609   -0.438541   -0.770997    -1.18239   -0.852699
   0.671266     1.09371    0.185699    0.366729    0.352723    0.820213    0.694775    0.299522
    1.19298     2.21517     1.11977     1.06746     1.74536      1.8804     1.85691       1.098
    2.07007     2.38596     1.17572     1.38693     1.60469     2.04156     2.13832     1.16707
   0.888798     3.51325    0.401364    0.739977     1.54163     2.82211     1.99859     1.70707
    1.44839     2.08171    0.807083    0.929925     1.12133     1.48626     1.45379    0.690797
    1.12647   -0.229817    0.822324    0.886812   -0.140959   0.0412521  -0.0224589 -0.00501033
   0.782764     0.62092    0.492645    0.842934     0.55013     1.07186    0.734213    0.430851
    1.31622    0.247024    0.326464    0.564929    0.412584    0.251884    0.472822   -0.508987
   -1.11085     1.64897   -0.714068   -0.819311     1.18177    0.907012    0.770515    0.359731
    3.18677   -0.875652     1.36552     1.20627    0.348144   0.0689618    -0.92675    0.640986
  0.0340178    0.787509  -0.0991538    0.189624    0.811138    0.808722    0.661458    -0.23739
    5.98928     3.39064     2.63359     2.75045     2.70324     3.20471     2.39879     2.62034
   0.692432     1.89006     0.59105    0.573764     1.93114     1.52347     1.91704    0.610003
   0.443775     2.08799    0.469473    0.745083     2.22347     2.08532     2.11143    0.456289
    2.62061     3.33016     1.36752      1.2136     2.80637     2.32098     2.91156     1.31184
  -0.733882     1.43109   -0.347716   -0.807411     1.45738    0.460729    0.792165   0.0478521
   0.581751   -0.280679    0.446039    0.886063    0.505862    0.706948    0.018871   -0.126401
    1.48957   0.0840922     1.35858     1.14627    0.357565    0.179489    0.361695    0.272088
     3.0193     1.25752      1.4789       1.058    0.285686    0.120401    0.721209    0.836647
     5.9895    0.818157     2.40029      2.6739   -0.461961    0.601034   0.0959208    0.858985
    3.79185   -0.497512     1.18334     1.19789   -0.956119   -0.594042   -0.917232   -0.148674
    3.15617    -1.02268     1.32548     1.25117   -0.996412   -0.597159    -1.41222    0.186593
    4.96115     3.07678     3.14114     3.02505     1.18796     1.98343     2.66125     2.35624
  -0.864398    -1.12237   -0.142841   -0.774021   -0.567802    -1.60501   -0.884578   -0.859213
    2.07804     -0.4011      1.1814    0.521253   -0.810853     -1.0774    -1.02307    0.455279
    2.01485     0.21503    0.771916    0.655197   -0.719121   -0.421068   -0.452705   0.0306462
  -0.200599    0.657299    0.628185    0.487532   -0.533828   -0.152165     0.46745   0.0755037
   -3.26015    -2.86042    -2.45079    -2.86402    -1.64653    -2.68073     -2.5159    -1.63335
   -2.75981    -2.19096    -1.52132    -1.34123    -1.08517    -1.42282    -1.66288     -1.3198
   -2.75716    -1.85051    -1.46569    -1.82673     -1.5944    -1.53094    -1.90992  -0.0615679
   0.776623     0.25575    0.366633    0.396877    0.639685    0.361918    0.556289   -0.028709
   -3.07168    -2.60757    -1.67624    -1.36599    -1.69369    -1.40549    -1.90362   -0.900096
  -0.284965    0.577155   -0.401047  -0.0549663   -0.409622    0.209915   -0.109487   -0.315857
   -1.50224   -0.941465   -0.989018   -0.700773   -0.884762   -0.670367    -1.07439    -0.96663
   -2.63677   -0.423952     -1.4648    -1.21319   -0.712362   -0.562238   -0.242445   -0.685307
  -0.462211   -0.206432   -0.391357   0.0778188    -0.18765   0.0596246    0.076386   -0.717014
  -0.734191      1.0807   -0.279167   -0.116317    0.492807    0.433121    0.764021   -0.301429
    0.57651     2.21004     0.62964    0.783653     1.16527     1.47997     2.20332    0.658478
   -2.49526     1.39246    -1.55454    -1.41182   -0.174711    0.343492    0.963842    0.225192
  -0.501936    -1.58406  -0.0423494    0.246684   -0.712298   -0.364645    -1.49969   -0.479915
  -0.832858    -1.82791   -0.546173   -0.142524    -1.26944   -0.841336    -1.15256   -0.876799
   0.196089    0.478024   0.0722202    0.499495   -0.104987    0.756757    0.108966    0.246007
  -0.222667     1.13079   -0.373893  -0.0250122    0.306868     1.04552     0.45021    0.303344
  0.0255985     0.28145    0.124087    0.053713    0.324598    0.165919    0.121865   -0.151081
   0.657339     2.64173    0.556572    0.385381     1.60001       1.532      1.8355    0.956528
  -0.995756   -0.889007    -0.52313  -0.0186995   -0.891016   -0.165585    -0.57302   -0.505503
   0.472635   -0.314712    0.253578    0.238328   0.0234741   -0.235214   -0.011611   -0.250701
   -2.61791    -3.71214    -1.19479    -1.46907    -2.58712    -1.91438    -3.31196    0.324538
    -2.6445   -0.583428    -1.62787    -1.69279    -1.26616   -0.985351   -0.715455   -0.310719
   -3.02108    -3.23783    -2.45884    -2.36365    -2.59073    -2.88977    -2.97029    -2.11709
   -2.49716    0.106301    -1.12795    -1.14877    -1.09504   -0.440442  -0.0154381    0.340415
   -2.61025    -2.60923    -1.31012    -1.71685    -2.56069    -1.64349    -2.86797    0.759579
   -1.74427   -0.514236   -0.798264   -0.395922   -0.985686   -0.437447   -0.292358   -0.711781
   -2.99254   -0.286872    -1.95773    -2.43688     -1.0059    -1.46707   -0.222366   -0.428955
   -2.38508   -0.559939   -0.788108    -0.88906    -1.57663   -0.316682   -0.451459     1.31674
   -2.18524     2.01485   -0.741286   -0.107888   0.0511375     1.25399     2.15655    0.621488
   -2.64586   -0.509029    -1.05209    -1.29419    -1.16865   -0.806707    -0.32338    0.454915
   -3.39333    -2.72137    -2.58976    -2.73805    -2.91139     -2.7347    -2.62786    -1.31746
   -2.94557    -2.48396    -1.78561    -1.87437     -2.6302     -1.7806    -2.64804   -0.152851
   -3.70406    -3.84502    -2.35748    -2.52611    -3.04909    -3.28978    -3.47209    -1.69755
   -1.23112    -2.73316   -0.891902    -1.04628    -1.95175    -2.15003    -2.59078    -1.31341
  -0.764263     1.70593   -0.256506     0.19967   -0.778363    0.485143    0.958848   0.0866035
    -2.7685    -2.18735   -0.892283    -1.57612    -2.31921    -1.84321    -2.03058    0.927594
   -2.62593   -0.792054    -1.19415    -1.22796    -2.35537    -1.01318    -1.00883    0.613538
   -1.62777    -1.40562   -0.859193   -0.415257    -1.92597    -1.19547     -1.4103   -0.979179
   -3.26158    -2.81769    -1.77821    -1.75127    -2.45041    -2.28494    -2.75176    -1.24907
   -3.26859    -2.19712    -2.06429    -1.99045    -2.13989    -2.16102    -1.71531     -1.3424
    2.85161    0.579784     1.56353     1.45651     1.36817     1.59623    0.126905     1.56832
    2.18934     1.89326      1.0444    0.895741      1.9329     1.57383     1.68884    0.981368
   0.382065    -1.28146    0.194544   0.0996138    0.310942   -0.394114   -0.987017    -0.42136
    1.23104    0.475659    0.290814    0.262094     1.29135    0.628095    0.205727    -0.15349
    2.78576     5.15581     2.17079     2.50917     3.34673     4.13903     4.97246     2.55526
   0.879285     3.81482     0.69987    0.231264     2.49901     1.72623     3.08331    0.627993
   0.340501     5.12874    0.758097     1.26721     3.87841       4.522     4.80716     2.27693
   -2.04717     2.02137   -0.848865    -1.23773     1.35444    0.810611     1.06489    0.624932
   -3.14514    -2.37296    -1.18122    -1.80731   -0.896499    -1.90588     -1.9004   -0.455863
   0.800181     1.78062    0.534775    0.777357     1.44733     1.99653      1.2364    0.870172
    2.42815    0.265322    0.666064    0.667616    0.649958    0.300334    0.215001     0.13147
    4.09987   -0.698324     2.01331     1.76298     1.38594     0.30686   -0.102412    0.306366
    3.22093   -0.778629     1.08728    0.933926    0.226476  -0.0725962   -0.771385    0.309901
    4.02106     2.30822     1.51072     1.07681     1.65126      1.1769     1.08321    0.912401
     1.6351    -1.20516    0.526655    0.381545    0.601549   -0.693784   -0.299887     -1.0452
    2.46483    0.275298    0.903831     1.59484     1.21042     1.10582     1.15908   -0.493693
    5.44913       2.596     2.44629     2.77727     1.39836     1.97748      2.6028     1.40219
     4.1184     1.00391     1.04774    0.985135    0.820253    0.666271    0.406134    0.188018
    4.77036     1.73232     1.53813     2.14515     1.18425     1.78494     1.66996    0.731907
      3.193     -1.8322     1.11482     1.00708   -0.446153    -1.04535    -1.53531     -0.5417

