18 7
   0.308875  0.00249498    0.325012   0.0515236  0.00441135   0.0689049    0.122068
  0.0935953   0.0356334    0.569713    0.378533   0.0859368   0.0184759   0.0162895
   0.281441   0.0423177    0.157418    0.434261   0.0422307   0.0276838    0.235982
   0.185792 0.000800457    0.378347    0.426275    0.287102    0.138706   0.0548693
   0.342364   0.0161767   0.0571245    0.156538   0.0548448    0.126213    0.219291
   0.240587   0.0297058    0.414634    0.323346    0.116051   0.0662007    0.200885
   0.344281   0.0220102   0.0610278    0.132049   0.0983985      0.1956    0.032511
   0.321647 0.000371024    0.182632   0.0380496     0.12344    0.267983   0.0785675
   0.222501    0.099462    0.221238    0.337006     0.14034    0.569095     0.46682
   0.323855   0.0577498    0.120961    0.234119   0.0366675   0.0172037   0.0300761
   0.328393    0.041001    0.149754    0.244254   0.0955275   0.0200878    0.107981
   0.328393   0.0410009    0.149754    0.244254   0.0955264   0.0200877    0.107981
   0.102242    0.360238    0.142407  0.00526839    0.307364    0.477341   0.0598661
  0.0497038    0.372765    0.212932   0.0304793    0.646716   0.0359487    0.095495
   0.010461    0.441189   0.0679134   0.0105196    0.369122    0.121163   0.0405211
  0.0252756    0.435453   0.0673583 0.000673825    0.184635   0.0476274    0.314193
0.000310473    0.443498   0.0548197   0.0413937    0.271857     0.10265    0.199809
  0.0358167    0.359208   0.0583048    0.212925    0.265962    0.512751    0.659797

283.097 0.00569349 810.608 125.208 213.149 70.7296 162.475 0.488236 8.11724 0.211413 0.577775 0.192592 39.8421 2.64096 7.01532 0.386311 1.05887 0.0459271 
115.428 0.00146324 323.793 39.4403 127.589 35.4611 148.658 0.350964 16.9211 0.220123 0.604456 0.201485 6.81369 1.06208 3.31867 0.201272 0.687313 0.0332888 