100 18 10 10 0.0021837 0.07426 10000000

-0.391198 -0.369767 -0.0604437 0.674613 -0.424223 -0.113666 -0.551409 -0.44881 -0.328297 -0.664575 -0.634467 -0.634468 0.331424 2.48905 1.77764 1.70352 1.00254 2.16718 
-0.380799 0.233318 0.236762 -0.0606165 0.0466374 0.570897 -0.343561 -0.0809657 -0.404117 -0.491922 -0.534056 -0.534056 0.332989 1.22512 0.77427 0.0533302 -0.171469 -0.148749 
-0.589792 -0.522083 -1.12189 0.762113 -1.19163 -1.16304 -0.973885 -1.1777 0.19979 -0.892428 -0.859917 -0.859917 0.148857 2.42072 1.8478 -0.411308 -0.455225 0.583293 
-0.904728 -0.099217 -1.92884 1.22225 -1.68738 -1.94926 -1.1146 -1.44315 2.5906 -1.04119 -0.999734 -0.999734 -0.7052 -0.500143 -0.242961 0.140016 0.277663 0.270526 
-0.362523 -0.00517932 0.930243 0.0405397 0.176 0.737282 -0.270661 0.0364247 -0.408018 -0.277294 -0.476013 -0.476015 -0.0478675 1.62771 1.3199 1.28178 0.881802 0.822429 
0.121725 0.000441371 0.930243 -0.299377 0.689757 0.827956 0.744709 1.222 -0.477901 0.404097 0.349299 0.349301 0.255714 0.874034 0.531777 2.57337 1.66666 -0.319106 
0.564079 -0.589688 0.930243 0.980772 1.08998 0.815262 -0.0669862 -0.183692 -0.414768 0.0124084 -0.42792 -0.42792 0.430384 1.19416 0.701685 1.70353 0.954607 1.8531 
-0.651076 0.141009 -0.225558 0.457432 -0.439027 0.13902 -0.376942 0.0616936 -0.395272 -0.831628 -0.608529 -0.60853 0.14769 1.34978 0.972706 2.0539 1.35271 1.58297 
-0.0170665 -0.716236 0.352342 1.45028 0.0741013 0.215781 -0.392105 -0.367381 -0.355245 -0.394783 -0.572478 -0.572478 -0.0710317 0.701267 0.547812 0.676127 0.432367 0.459442 
-0.849759 0.386626 0.930243 0.509666 -0.396982 0.486573 -0.663894 -0.408112 -0.323644 -0.761809 -0.760193 -0.760193 -0.0669338 0.79936 0.629013 2.33057 1.68945 1.04201 
0.395623 -1.42544 0.765128 0.762113 -0.0919653 -0.292441 -0.156001 -0.222493 -0.361362 -0.0275852 -0.178312 -0.178314 1.37024 1.13851 0.268009 -0.524104 -0.787881 0.163237 
-0.00886083 -1.0727 0.615016 -0.366568 -0.277257 -0.232777 -0.313296 -0.250785 -0.3528 -0.0500362 -0.105671 -0.105673 1.4093 -0.446556 -0.814383 -0.725302 -0.916051 -0.413683 
0.141498 -1.46105 -1.22871 -0.415225 -1.15755 -1.3807 -1.00229 -1.31664 0.654123 -0.641773 -0.548238 -0.54824 0.999883 -0.374875 -0.672981 -1.16948 -1.13522 0.194011 
-0.166953 -1.25924 -1.09241 2.07564 -1.30641 -1.48565 -1.03687 -1.34458 0.900877 -1.00761 -0.96213 -0.96213 1.38869 0.80965 0.0390678 -0.525632 -0.791927 0.147667 
0.822904 -1.67335 0.765128 1.25882 0.20531 -0.244111 0.0177377 -0.191383 -0.372145 -0.306974 -0.1479 -0.147902 1.19321 1.39198 0.509608 0.339054 -0.21929 0.798632 
-0.44994 -0.803689 -1.4536 -0.399173 -1.35143 -1.47009 -0.893929 -1.05346 0.0150266 -0.328553 -0.350737 -0.350739 1.25442 -0.526512 -0.836593 -0.534605 -0.774395 -0.822376 
-0.121644 -1.28468 -1.38136 0.948226 -1.29696 -1.48486 -0.96006 -1.22523 0.333368 -0.956072 -0.878036 -0.878036 0.902417 0.39716 -0.0891869 -0.299599 -0.556977 -0.582689 
-0.544804 -0.798289 -1.7213 1.11575 -1.57588 -1.79835 -1.02865 -1.29237 0.616605 -0.999663 -0.87911 -0.879111 1.23061 2.19461 1.04937 1.1966 0.302645 -0.561948 
0.101656 -1.38528 0.0312876 2.28356 -0.619434 -0.723011 -0.762942 -0.963078 -0.0920445 -0.878133 -0.830097 -0.830097 1.68941 0.117768 -0.504293 0.233696 -0.398977 -0.3726 
0.128655 -1.09446 0.615016 1.8354 0.0977234 0.116008 -0.535115 -0.63893 -0.284241 -0.945191 -0.843701 -0.843701 1.14699 -0.781696 -0.992314 -0.920863 -0.997649 -0.603912 
0.775463 -1.20047 0.765128 -0.350014 0.693309 0.248817 0.281374 0.134628 -0.424983 0.424232 0.30259 0.302588 -0.0898134 0.127201 0.0680755 -0.834751 -0.713826 -0.0767606 
1.26101 -1.46565 0.930243 2.39329 1.19086 0.360544 -0.0851365 -0.451542 -0.37058 -0.0478102 -0.239301 -0.239301 0.571531 -0.670792 -0.788537 -0.509132 -0.625082 0.611647 
-0.11829 -1.17168 -0.225558 2.6254 -0.783149 -0.811345 -0.865828 -1.07507 0.0238075 -0.99391 -0.921116 -0.921116 0.185126 -0.755859 -0.759247 -1.32007 -1.1268 -1.07815 
-0.371059 -1.04256 -1.63653 1.88181 -1.49144 -1.69877 -1.10443 -1.44733 2.68806 -1.01849 -0.994906 -0.994906 0.0438357 -0.103149 -0.178279 -0.937316 -0.819927 0.0125796 
1.74383 -1.82396 0.765128 2.28356 0.847023 -0.172256 0.663766 0.0983209 -0.424154 0.856822 0.282332 0.28233 0.24554 -0.888373 -0.881391 -0.256807 -0.368602 -1.35521 
-0.174971 -0.805903 0.130073 2.23018 -0.227389 -0.0329426 -0.650362 -0.711252 -0.25339 -0.92831 -0.846569 -0.84657 0.256653 -0.670912 -0.709381 -0.358038 -0.444493 -1.28007 
0.350448 -1.40726 0.236762 3.07771 -0.145038 -0.322147 -0.719823 -0.955057 -0.133256 -0.779597 -0.764046 -0.764046 -0.128558 -0.173329 -0.173462 -0.524807 -0.466584 -0.20217 
-0.574398 -0.680326 -1.20355 2.07564 -1.32862 -1.39268 -1.02838 -1.28815 0.574081 -1.0133 -0.957477 -0.957478 0.205729 -1.49666 -1.36458 -1.65793 -1.37513 -1.08829 
-0.566014 -0.782099 -1.70164 2.28356 -1.61264 -1.85445 -1.10248 -1.43493 2.3171 -1.02717 -0.989744 -0.989744 0.0747971 0.170215 0.0368183 -0.595777 -0.572608 0.678656 
-0.60384 -0.517341 -1.17739 0.948226 -1.17632 -1.13091 -0.889604 -1.00604 -0.0378007 -0.590172 -0.702085 -0.702086 0.282549 -0.374583 -0.479254 0.247358 -0.0171398 -1.35027 
-0.277622 0.199487 0.930243 -0.523298 0.469649 1.0423 -0.11529 0.242731 -0.432855 -0.484301 -0.362966 -0.362965 -1.46595 1.35071 2.20397 -0.330352 0.206053 0.356922 
1.72863 -0.336064 0.930243 -0.581858 1.97359 0.66865 3.2024 2.39248 -0.509688 1.81105 1.77183 1.77183 -2.07134 0.272458 1.53124 0.220515 1.21409 2.50336 
-0.877632 0.594306 -0.145847 0.125704 -0.56266 0.212016 -0.819545 -0.753486 -0.23715 -0.981091 -0.867762 -0.867762 -1.17732 -0.207802 0.27736 0.114713 0.487982 0.0150271 
0.0459296 -0.221737 0.615016 -0.415225 0.435719 0.602795 0.351257 0.715427 -0.457671 0.122262 0.474517 0.474516 -1.98075 2.21225 3.91853 -0.0984839 0.771659 0.232471 
-0.399886 0.453896 0.352342 0.104036 0.195052 0.815874 -0.463621 -0.285316 -0.388368 -0.766606 -0.666202 -0.666202 -1.52915 -0.569629 0.0787112 1.13074 1.73454 -1.33195 
1.92297 -0.636346 0.930243 -0.757879 1.62119 0.297884 1.9883 1.17393 -0.495111 1.08197 1.3577 1.3577 -0.831863 0.607736 0.896042 1.12326 1.20027 2.17045 
0.108194 -0.436066 0.930243 0.381521 0.382066 0.474208 0.261913 0.531505 -0.447524 -0.0662152 -0.0755088 -0.0755069 -2.00337 0.092754 1.23085 1.06085 2.12469 0.869435 
-1.34849 1.43235 -2.0779 -0.118703 -1.69575 -1.91505 -1.12913 -1.45669 3.14361 -1.04166 -0.997172 -0.997172 -1.544 -0.957319 -0.357107 -1.06949 -0.512426 -0.634987 
-0.197653 0.429071 0.930243 0.0405397 0.750613 1.31501 0.561768 1.30042 -0.477804 -0.100418 -0.115997 -0.115995 -1.42778 -0.480205 0.122717 0.921416 1.43803 0.32873 
0.290109 0.375064 0.930243 -0.538138 0.997697 0.997054 0.428501 0.624656 -0.471897 0.334549 0.117607 0.117608 -0.905439 -0.762668 -0.419278 -0.642737 -0.326928 -0.155091 
-0.945542 0.756414 -0.924414 -0.118703 -0.871635 -0.307825 -0.593957 -0.168224 -0.364905 0.0547685 -0.403544 -0.403542 0.135653 -1.66019 -1.48743 -1.16402 -1.00483 -0.353201 
-0.612313 0.496255 0.615016 -0.000608593 0.126702 1.02931 -0.562944 -0.345613 -0.364699 -0.857866 -0.760833 -0.760833 -0.133054 -1.52296 -1.33064 -0.713244 -0.610426 -0.555837 
-1.29399 1.21365 -1.99538 -0.264732 -1.65197 -1.81013 -1.11557 -1.41747 1.87728 -0.999145 -0.967206 -0.967206 0.0633858 -1.14371 -1.04878 -0.369855 -0.401764 -0.220388 
-1.08596 0.649342 -1.36177 0.104036 -1.3223 -1.1251 -1.02244 -1.18421 0.224886 -0.982296 -0.930627 -0.930628 0.206227 -1.68407 -1.51643 -1.61008 -1.34044 -1.18405 
-1.20613 0.870677 -2.0118 -0.0801856 -1.63184 -1.78106 -1.12084 -1.44069 2.47796 -1.01853 -0.991139 -0.991139 -0.118996 -0.45875 -0.421545 -1.27053 -1.04182 -0.652588 
-0.0822655 0.553976 0.615016 -0.78318 0.793378 1.20796 -0.402715 -0.352771 -0.403537 -0.110576 -0.19985 -0.199848 -0.410142 0.874008 0.884444 -0.290568 -0.196397 -1.49719 
-1.03585 1.19406 -0.497513 -0.0408405 -0.65194 0.270047 -0.833895 -0.706959 -0.259352 -0.960031 -0.878845 -0.878845 -0.241006 -1.90062 -1.64224 -1.51572 -1.21313 -1.40531 
-1.34478 1.80745 -1.67031 -1.25441 -1.40947 -1.1437 -1.00948 -1.0641 0.0191308 -0.702166 -0.61695 -0.61695 -0.460753 -0.280881 -0.138064 0.891717 0.78719 -0.939535 
-1.34397 1.40488 -2.10101 -0.118703 -1.70689 -1.94579 -1.13475 -1.47543 4.35272 -1.04723 -1.01086 -1.01086 0.0499398 -1.4867 -1.33111 -0.88675 -0.78346 -0.374093 
-0.591505 1.20177 0.236762 -1.09586 0.131852 1.00378 0.217481 1.19664 -0.473658 -0.403602 0.1444 0.144398 -0.042546 -0.639706 -0.599621 -0.461013 -0.441276 -0.873107 
-1.16814 0.689915 -2.02725 0.356838 -1.68698 -1.91912 -1.1321 -1.47541 4.34555 -1.06682 -1.01526 -1.01526 -0.799806 -1.16336 -0.849653 -0.551919 -0.283185 -0.553516 
-0.458966 0.257072 -0.300127 -0.0606165 -0.30848 0.12913 -0.202574 0.237191 -0.424682 -0.16547 -0.20022 -0.200218 -0.825019 -1.04027 -0.721733 -0.605347 -0.321322 0.189578 
-0.20469 0.831447 0.930243 -0.0801856 0.978737 1.63609 -0.0991012 0.213342 -0.447843 0.0106938 -0.447965 -0.447965 -0.188133 -0.598305 -0.519215 -1.06556 -0.870616 0.0647691 
-0.211656 0.542099 0.615016 -0.67923 0.554607 1.06812 0.569593 1.33071 -0.479554 0.202244 0.386207 0.386207 -0.281259 -1.42875 -1.22125 -1.50219 -1.19668 -0.837245 
-0.445793 0.649556 0.615016 -0.333313 0.394063 1.18342 0.0412643 0.677447 -0.455424 -0.843016 -0.510506 -0.510506 -0.456712 0.161297 0.263125 -1.0281 -0.782975 -0.461725 
-0.811933 0.663411 -0.662888 0.0405397 -0.62321 0.0105662 -0.518281 -0.105321 -0.382624 -0.601399 -0.231367 -0.231369 -0.582165 -0.644526 -0.426624 -0.652236 -0.439127 -1.52824 
-0.233481 0.261386 0.930243 0.261061 0.566696 1.11517 -0.616437 -0.633159 -0.337026 -0.760155 -0.720298 -0.720299 -1.01796 -0.2792 0.11795 -0.45194 -0.113054 0.891716 
-1.21953 1.36594 -1.1502 -0.118703 -1.14693 -0.597335 -0.989578 -1.05068 -0.0094366 -0.997589 -0.92309 -0.92309 -0.762712 -1.32203 -1.01384 -0.858907 -0.561983 -1.05363 
-0.705403 0.722097 0.0312876 -0.211405 -0.187489 0.644109 -0.246131 0.38689 -0.43075 -0.42312 -0.345987 -0.345987 -0.645781 0.466509 0.646292 -0.261483 -0.0888034 0.0100859 
0.096528 0.0465353 0.236762 -0.193255 0.421999 0.533814 -0.158434 -0.0755926 -0.424193 0.536833 0.291096 0.291096 -0.474227 -0.834752 -0.638804 -0.406888 -0.269881 -0.138186 
-1.3975 1.68221 -2.10643 -0.493146 -1.69206 -1.89655 -1.11565 -1.40698 1.68536 -0.997466 -0.98257 -0.98257 -1.92601 0.0631349 1.12228 1.23278 2.23578 2.24811 
-1.50384 2.28251 -2.14314 -0.745061 -1.71022 -1.93198 -1.12318 -1.4223 1.99804 -1.00531 -0.985133 -0.985133 -1.15599 0.940389 1.47019 -0.156196 0.221638 0.128769 
-1.08142 1.29242 -0.145847 -0.757879 -0.735118 0.162812 -0.788336 -0.558616 -0.298759 -0.59062 -0.548246 -0.548246 -2.10031 0.803888 2.26292 1.16676 2.3591 0.805601 
0.0926303 0.82389 0.477974 -0.820308 0.649352 0.811958 0.439493 0.804619 -0.478399 0.294284 0.168832 0.168832 -1.58336 0.391183 1.22085 1.34721 2.0074 1.67431 
-0.548916 1.25845 0.236762 -0.538138 0.220868 1.07887 0.220394 1.14297 -0.474481 0.041317 -0.117072 -0.11707 -1.44163 -1.46058 -0.966182 -0.281771 0.242375 -0.119187 
0.165892 0.170698 0.615016 -1.16363 0.411012 0.452654 0.733447 1.16041 -0.479976 0.670647 0.827669 0.827668 -1.18933 -0.657148 -0.190791 -0.0108734 0.375521 -1.17042 
-1.59548 3.05436 -2.09545 -1.23679 -1.63119 -1.64366 -1.06448 -1.16556 0.210249 -0.781698 -0.699542 -0.699541 -1.50746 -0.642039 -0.0156841 1.67405 2.26884 -1.71358 
-1.00568 1.25845 0.615016 -0.446855 -0.408417 0.730914 -0.570618 -0.0542766 -0.387522 -0.699518 -0.656158 -0.656158 -1.87539 0.95718 2.18934 1.93174 2.95983 0.723022 
-0.75271 1.83876 0.930243 -0.820308 0.504341 1.95423 0.285455 1.59521 -0.483356 -0.0915941 -0.173756 -0.173757 -1.37212 -0.359988 0.224318 0.903693 1.37699 1.68338 
-0.141828 0.734081 0.477974 -0.948565 0.681006 1.14225 -0.461703 -0.418268 -0.397488 -0.296521 -0.276673 -0.276671 -2.03271 0.686337 2.02785 1.45776 2.61824 1.56338 
0.598668 -0.0668284 0.930243 -0.692627 1.16326 0.856809 0.740606 0.794033 -0.476754 1.47303 0.532713 0.532715 0.658966 -0.564904 -0.729455 0.308067 -0.0922626 0.132275 
0.259427 0.280826 0.615016 -1.09586 0.962699 0.991697 1.70416 2.40893 -0.500811 0.861465 1.46426 1.46426 0.990805 -1.41993 -1.41883 -1.53268 -1.36714 -0.901922 
-0.526047 0.373135 -0.370035 0.0614686 -0.313639 0.196335 0.25316 1.17524 -0.463566 0.643453 0.616734 0.616736 1.13262 -0.0812905 -0.498544 -0.862266 -0.958732 -0.136608 
1.74633 -1.1563 0.930243 -0.868335 1.32955 0.182345 0.861488 0.274851 -0.45888 0.90564 0.66641 0.66641 1.20028 0.859979 0.137406 0.388425 -0.19037 -0.269422 
1.22368 -0.80716 0.477974 -0.446855 0.883081 0.126457 1.46857 1.14929 -0.483817 1.63422 1.98939 1.98939 1.36768 0.6112 -0.0885662 0.104739 -0.405221 -0.763887 
1.95508 -1.45005 0.615016 -0.832469 0.678522 -0.381811 1.07031 0.368976 -0.458313 1.71546 1.1765 1.17649 1.47973 0.710863 -0.0563182 0.0854291 -0.441417 1.4943 
1.20654 -1.0179 0.615016 -1.09586 0.89815 0.149434 0.769231 0.442676 -0.458825 1.17482 0.794455 0.794457 1.73459 0.712663 -0.131549 1.32954 0.224865 -1.07207 
3.10359 -1.91802 0.930243 -0.415225 1.39374 -0.333277 2.24168 0.776907 -0.474623 2.26732 2.44745 2.44745 1.68258 -1.31459 -1.43266 -1.48973 -1.40074 -0.781742 
-0.485313 0.461374 0.615016 -0.137651 0.176431 0.910059 -0.429063 -0.167381 -0.395774 -0.787786 -0.765951 -0.76595 0.757598 1.96252 1.12053 1.10051 0.405638 0.177422 
0.195103 -0.328887 0.236762 -0.665691 0.148511 0.120512 0.26377 0.467753 -0.450235 1.7501 0.813871 0.81387 1.53316 0.343145 -0.31642 -0.476939 -0.786879 1.15143 
-0.134594 0.496955 0.930243 -1.09586 0.623304 1.0561 0.89862 1.76717 -0.488511 0.296199 0.488396 0.488398 -0.224444 -0.421713 -0.35338 0.938748 0.705184 -0.33912 
-0.792962 1.12696 0.615016 -0.264732 0.100456 1.31071 -0.065264 0.887648 -0.45564 -0.220284 -0.24073 -0.240728 -0.151523 -0.377851 -0.340935 0.996606 0.714742 0.900009 
1.27863 -0.715972 0.352342 -0.382945 0.850682 0.0673426 0.640217 0.27496 -0.460746 0.675926 0.54029 0.540288 0.326643 -0.019008 -0.210192 -0.0105164 -0.215011 -0.451461 
-0.161111 0.238903 0.477974 -0.95965 0.3408 0.714202 -0.200718 0.0155767 -0.424427 -0.225332 -0.304165 -0.304167 0.033022 1.43433 1.10803 1.03314 0.655702 1.1184 
-1.21937 0.942653 -1.96873 -0.0408405 -1.60723 -1.71791 -1.07434 -1.30194 0.659383 -0.942488 -0.885254 -0.885255 0.435691 1.01152 0.556685 1.16885 0.578244 -0.983631 
-0.317642 0.442769 0.352342 -0.156393 0.278304 0.825685 -0.0374246 0.410938 -0.445506 0.0276799 -0.155808 -0.155806 0.684933 0.637998 0.16607 -0.160054 -0.414583 1.0973 
-0.188145 0.0670541 -0.0604437 -0.299377 0.0892863 0.406921 -0.350465 -0.212904 -0.397533 -0.249508 0.0686651 0.068667 0.531634 0.77113 0.328466 0.876821 0.337897 -0.899717 
0.225445 0.964658 0.930243 -0.95965 1.12054 1.21122 0.387648 0.618613 -0.478108 0.453772 0.324619 0.324621 0.673949 0.0950779 -0.237463 0.461245 0.00645088 -0.727263 
0.621037 -0.313796 0.615016 -0.399173 0.805897 0.477477 1.02366 1.12285 -0.481261 1.4069 2.07476 2.07475 0.833821 0.894983 0.298651 1.80793 0.842662 2.2682 
-0.856582 1.02471 0.615016 -0.247144 -0.164703 0.938417 -0.335857 0.355133 -0.425996 -0.426419 -0.524488 -0.524487 0.107864 -0.50618 -0.533324 -0.355474 -0.403237 -0.248414 
0.390691 -0.262067 0.615016 -1.18234 0.567077 0.42372 1.04 1.35541 -0.482455 1.22477 1.45562 1.45563 0.403307 0.160988 -0.095105 -0.518029 -0.593886 -0.109851 
1.11141 0.229304 0.615016 -1.09586 1.47723 0.710313 2.07505 1.87239 -0.504735 2.73472 1.93067 1.93067 1.37168 -0.743468 -1.00771 -1.39537 -1.3174 -0.49704 
1.27443 -0.265217 0.930243 -0.745061 1.44588 0.563287 2.15727 1.80865 -0.501317 1.01357 1.30019 1.30018 0.333544 -0.385397 -0.503084 -1.21195 -1.07114 -0.926901 
1.90376 -0.529539 0.615016 -1.01373 1.68973 0.357036 1.60442 0.853425 -0.490564 1.91091 1.65058 1.65059 0.349153 1.70668 1.14699 0.342671 0.0288647 -1.06948 
0.757554 -0.0959745 0.615016 -1.16363 1.01407 0.569756 0.491832 0.389885 -0.466904 1.38922 0.746167 0.746166 1.08763 -1.02616 -1.15346 -0.678576 -0.835695 -0.700603 
1.21407 -0.941349 0.615016 -0.415225 1.14157 0.350013 0.290584 -0.0524076 -0.435003 1.6457 1.4288 1.4288 1.24362 -0.412392 -0.755593 -0.415206 -0.698655 1.19349 
2.24972 -1.00318 0.615016 -0.638259 1.62907 0.138534 2.77318 1.61804 -0.499644 1.55565 3.29733 3.29733 0.455839 -0.442105 -0.582581 1.02624 0.470508 1.63139 
2.75733 -1.36242 0.615016 -1.09586 1.21478 -0.323841 1.98073 0.739529 -0.483422 2.93171 1.96846 1.96847 0.670335 0.503846 0.07087 -0.57923 -0.69339 -0.243284 
2.31619 -1.76404 0.615016 -0.462433 0.818234 -0.41943 2.24684 1.15797 -0.478949 2.12992 3.22264 3.22263 0.877218 -0.0323255 -0.393466 -0.155207 -0.457262 1.48118 
1.41355 -0.382101 0.615016 -0.552859 1.08909 0.183522 1.80125 1.3434 -0.495532 1.90946 2.09513 2.09513 0.535846 -1.62814 -1.51471 -1.47601 -1.2826 -1.36041 

1 0 0 0 0 0 0 0 0 0 
1 0 0 0 0 0 0 0 0 0 
1 0 0 0 0 0 0 0 0 0 
1 0 0 0 0 0 0 0 0 0 
1 0 0 0 0 0 0 0 0 0 
1 0 0 0 0 0 0 0 0 0 
1 0 0 0 0 0 0 0 0 0 
1 0 0 0 0 0 0 0 0 0 
1 0 0 0 0 0 0 0 0 0 
1 0 0 0 0 0 0 0 0 0 
0 1 0 0 0 0 0 0 0 0 
0 1 0 0 0 0 0 0 0 0 
0 1 0 0 0 0 0 0 0 0 
0 1 0 0 0 0 0 0 0 0 
0 1 0 0 0 0 0 0 0 0 
0 1 0 0 0 0 0 0 0 0 
0 1 0 0 0 0 0 0 0 0 
0 1 0 0 0 0 0 0 0 0 
0 1 0 0 0 0 0 0 0 0 
0 1 0 0 0 0 0 0 0 0 
0 0 1 0 0 0 0 0 0 0 
0 0 1 0 0 0 0 0 0 0 
0 0 1 0 0 0 0 0 0 0 
0 0 1 0 0 0 0 0 0 0 
0 0 1 0 0 0 0 0 0 0 
0 0 1 0 0 0 0 0 0 0 
0 0 1 0 0 0 0 0 0 0 
0 0 1 0 0 0 0 0 0 0 
0 0 1 0 0 0 0 0 0 0 
0 0 1 0 0 0 0 0 0 0 
0 0 0 1 0 0 0 0 0 0 
0 0 0 1 0 0 0 0 0 0 
0 0 0 1 0 0 0 0 0 0 
0 0 0 1 0 0 0 0 0 0 
0 0 0 1 0 0 0 0 0 0 
0 0 0 1 0 0 0 0 0 0 
0 0 0 1 0 0 0 0 0 0 
0 0 0 1 0 0 0 0 0 0 
0 0 0 1 0 0 0 0 0 0 
0 0 0 1 0 0 0 0 0 0 
0 0 0 0 1 0 0 0 0 0 
0 0 0 0 1 0 0 0 0 0 
0 0 0 0 1 0 0 0 0 0 
0 0 0 0 1 0 0 0 0 0 
0 0 0 0 1 0 0 0 0 0 
0 0 0 0 1 0 0 0 0 0 
0 0 0 0 1 0 0 0 0 0 
0 0 0 0 1 0 0 0 0 0 
0 0 0 0 1 0 0 0 0 0 
0 0 0 0 1 0 0 0 0 0 
0 0 0 0 0 1 0 0 0 0 
0 0 0 0 0 1 0 0 0 0 
0 0 0 0 0 1 0 0 0 0 
0 0 0 0 0 1 0 0 0 0 
0 0 0 0 0 1 0 0 0 0 
0 0 0 0 0 1 0 0 0 0 
0 0 0 0 0 1 0 0 0 0 
0 0 0 0 0 1 0 0 0 0 
0 0 0 0 0 1 0 0 0 0 
0 0 0 0 0 1 0 0 0 0 
0 0 0 0 0 0 1 0 0 0 
0 0 0 0 0 0 1 0 0 0 
0 0 0 0 0 0 1 0 0 0 
0 0 0 0 0 0 1 0 0 0 
0 0 0 0 0 0 1 0 0 0 
0 0 0 0 0 0 1 0 0 0 
0 0 0 0 0 0 1 0 0 0 
0 0 0 0 0 0 1 0 0 0 
0 0 0 0 0 0 1 0 0 0 
0 0 0 0 0 0 1 0 0 0 
0 0 0 0 0 0 0 1 0 0 
0 0 0 0 0 0 0 1 0 0 
0 0 0 0 0 0 0 1 0 0 
0 0 0 0 0 0 0 1 0 0 
0 0 0 0 0 0 0 1 0 0 
0 0 0 0 0 0 0 1 0 0 
0 0 0 0 0 0 0 1 0 0 
0 0 0 0 0 0 0 1 0 0 
0 0 0 0 0 0 0 1 0 0 
0 0 0 0 0 0 0 1 0 0 
0 0 0 0 0 0 0 0 1 0 
0 0 0 0 0 0 0 0 1 0 
0 0 0 0 0 0 0 0 1 0 
0 0 0 0 0 0 0 0 1 0 
0 0 0 0 0 0 0 0 1 0 
0 0 0 0 0 0 0 0 1 0 
0 0 0 0 0 0 0 0 1 0 
0 0 0 0 0 0 0 0 1 0 
0 0 0 0 0 0 0 0 1 0 
0 0 0 0 0 0 0 0 1 0 
0 0 0 0 0 0 0 0 0 1 
0 0 0 0 0 0 0 0 0 1 
0 0 0 0 0 0 0 0 0 1 
0 0 0 0 0 0 0 0 0 1 
0 0 0 0 0 0 0 0 0 1 
0 0 0 0 0 0 0 0 0 1 
0 0 0 0 0 0 0 0 0 1 
0 0 0 0 0 0 0 0 0 1 
0 0 0 0 0 0 0 0 0 1 
0 0 0 0 0 0 0 0 0 1 

2.27074 -2.05935 1.24533 -1.13764 4.86158 -0.785127 3.84885 3.31657 -3.6019 -5.14355 
-0.127819 0.649917 3.43486 -3.0791 0.716868 -0.191577 -3.05123 -1.58845 4.10513 -6.13408 
4.01136 5.29516 -2.39283 -5.44502 0.924348 1.52795 5.10068 -7.94073 -0.80757 -3.63336 
1.17184 0.0502281 -0.886306 6.04624 -0.101664 5.59771 -0.504725 3.48671 2.19347 2.90558 
0.795345 -9.93529 1.62439 8.8301 -0.496895 -2.14122 -0.757565 8.697 -9.88433 2.54215 
-1.20763 2.33204 2.67192 -4.40767 1.58529 -2.53836 1.2611 1.34467 1.09945 0.391814 
-0.286654 -3.76855 0.289215 -0.103118 2.0224 -2.17741 1.26724 -1.85535 1.48971 -0.722661 
-2.34191 3.40605 0.33059 4.36565 1.4418 2.39198 0.326204 1.51923 -10.7124 0.153711 
-3.45801 -4.72098 -2.43255 1.41715 4.56731 0.696671 2.81956 3.06735 -1.36584 -2.40449 
-0.103889 -0.791278 -2.48553 3.70116 3.84659 0.570549 -0.415383 3.44043 1.96198 0.791433 
-3.62711 -1.39403 -1.84305 6.08017 -0.576803 5.18975 -0.253392 -0.888277 -5.03954 5.03975 
-0.180628 2.67136 2.24067 -1.89727 4.75981 -3.05581 -3.11501 -2.88567 1.45669 1.03818 
-0.63696 2.98254 0.80875 -0.614885 3.86871 -3.26779 -2.3215 -2.46453 1.79297 0.355867 
0.678872 -1.13845 -8.85373 1.5959 -2.85671 11.2597 -3.10716 -3.87679 12.8003 4.60798 
2.16653 -3.07037 -4.7789 2.6499 -2.3175 3.33075 0.271056 -2.19527 -2.55975 1.83202 
-3.40393 4.07819 1.5182 2.62531 -0.413101 -1.62942 -0.850306 1.92912 -3.15068 -1.8942 
4.12386 0.245774 -5.57288 3.37395 0.6019 3.99374 -0.57218 1.39383 1.79251 -2.23118 
-4.11499 6.68439 -4.2129 -0.758936 2.70575 -1.95792 0.364949 -2.81909 0.515027 -3.26868 
4.20522 2.808 -2.46396 -1.25288 1.59529 0.512651 2.18838 0.784963 -0.520309 -3.14083 

-5.58815 -7.67947 -4.36847 -10.9333 -7.78688 -2.74151 -4.40784 -4.07043 -8.97614 -5.02568 
-2.66446 -1.10724 -3.55038 -9.90109 -3.54184 1.98768 -0.726104 -18.2906 0.976658 -4.44448 
-4.66128 -5.61661 -7.76513 10.5262 -0.410103 -20.1428 11.016 -12.0592 1.20559 6.92362 
-10.125 -3.8869 4.2899 5.01368 0.851963 4.89235 -4.18434 -5.76422 -6.70205 9.73979 
5.86884 -4.69722 2.41825 -2.64645 -4.47502 -7.61319 -4.12404 12.3942 -13.1142 -7.20754 
-4.91184 -12.3541 -3.38171 -9.56673 -4.50295 6.4409 3.88677 -1.76711 5.71437 -2.10508 
7.99258 8.71458 -8.88016 -5.38409 -16.4956 -7.09351 -15.2928 1.53745 15.4445 4.21579 
4.7057 -10.5361 -10.1486 -1.53611 2.51295 3.97434 1.01867 4.02927 -7.62313 -16.3293 
6.63301 5.65167 7.00358 17.1164 -0.13858 -3.92834 -14.7748 -12.3392 -1.27873 -10.0452 
-17.5261 6.88791 -10.4937 -6.36123 19.0911 -12.7804 -14.1625 12.3031 6.27731 -9.08286 
-8.6165 2.8113 5.49033 -8.25142 -1.49997 -5.92021 -3.94579 0.577109 -20.1081 4.77918 

281.18 0.00571715 806.719 123.205 212.965 72.0522 153.879 0.478095 6.14213 0.217631 0.556932 0.185644 40.5082 3.0978 7.90673 0.429785 1.12046 0.0463905 
112.118 0.00140018 317.961 33.8289 120.777 34.347 133.551 0.311925 11.4077 0.199457 0.535936 0.178645 7.02811 1.16614 3.43184 0.170847 0.560815 0.0259861 
