100 18 10 10 0.0021837 0.07426 10000000

237.32 0.00519941 787.5 146.026 161.729 68.1481 80.2377 0.3381 2.397 0.0850772 0.216898 0.0722992 42.8375 6.00037 14.0073 0.720826 1.6827 0.102707 
238.486 0.00604384 882 121.154 218.598 91.6608 107.996 0.45284 1.53207 0.119514 0.270712 0.0902374 42.8485 4.52645 10.5639 0.438896 1.0243 0.0425251 
215.054 0.00498614 450 148.986 69.0437 32.1053 23.8154 0.110741 8.42128 0.0396304 0.0960712 0.0320237 41.5544 5.92069 14.2481 0.359514 0.865165 0.061548 
179.744 0.00557823 193.421 164.552 9.16874 5.10099 5.02222 0.0279409 35.695 0.00995935 0.0211382 0.00704607 35.552 2.51456 7.07292 0.453706 1.27618 0.0534204 
240.535 0.0057099 1102.5 124.576 234.222 97.3756 117.732 0.489457 1.48757 0.162323 0.301819 0.100606 40.1718 4.99593 12.4364 0.648773 1.61499 0.0677622 
294.828 0.00571777 1102.5 113.077 296.272 100.49 253.336 0.859268 0.69036 0.298231 0.744134 0.248045 42.3054 4.11704 9.7317 0.869438 2.05515 0.0380982 
344.424 0.00489148 1102.5 156.383 344.61 100.054 144.933 0.420797 1.41057 0.220106 0.327594 0.109198 43.533 4.49035 10.3148 0.720827 1.65582 0.0945454 
208.183 0.00591459 735 138.679 159.941 76.8271 103.538 0.497339 1.63297 0.0517572 0.230799 0.0769329 41.5462 4.67183 11.2449 0.780688 1.87908 0.0875257 
279.267 0.00471429 918.75 172.266 221.915 79.4636 101.513 0.3635 2.08959 0.138889 0.25012 0.0833734 40.009 3.91557 9.78673 0.545299 1.36294 0.0583296 
185.907 0.0062585 1102.5 140.446 165.019 88.7645 65.2152 0.350795 2.45008 0.0656832 0.149517 0.049839 40.0378 4.02996 10.0654 0.827955 2.06793 0.0734682 

325.537 0.00372127 1050 148.986 201.858 62.0077 133.045 0.408694 2.01981 0.212129 0.461368 0.153789 50.1384 4.42546 8.82649 0.340243 0.678607 0.0506324 
280.187 0.00421517 1002.27 110.804 179.479 64.057 112.038 0.399869 2.11748 0.207651 0.500299 0.166766 50.4129 2.57705 5.11189 0.305869 0.606727 0.0356405 
297.045 0.00367141 416.038 109.158 73.1599 24.6292 20.0213 0.0674017 13.6042 0.0896251 0.263111 0.0877035 47.5355 2.66064 5.59716 0.229982 0.483813 0.0514321 
262.462 0.00395398 459.375 193.421 55.1814 21.0245 15.4034 0.0586882 16.4191 0.0166562 0.0412914 0.0137638 50.2681 4.04196 8.0408 0.339982 0.676338 0.0502278 
373.443 0.00337415 1050 165.789 237.762 63.6677 156.248 0.418398 1.8968 0.156403 0.477667 0.159222 48.8942 4.72104 9.65562 0.487711 0.997481 0.0671438 
230.734 0.00459184 344.531 109.701 49.744 21.559 34.4937 0.149496 6.31355 0.152099 0.368959 0.122986 49.3244 2.48381 5.03567 0.338449 0.68617 0.0250202 
267.542 0.00391837 367.5 155.282 56.3222 21.0518 25.6617 0.0959167 9.94511 0.026936 0.0863604 0.0287868 46.8505 3.56094 7.60065 0.378599 0.808101 0.0312487 
220.098 0.0045994 259.412 160.949 22.635 10.2841 16.501 0.0749712 13.1762 0.0182416 0.0857847 0.0285949 49.1571 5.65702 11.508 0.634221 1.29019 0.0317877 
292.578 0.00377751 816.667 200.455 138.152 47.2189 51.9872 0.177687 5.09211 0.0424815 0.112053 0.0373509 52.3816 3.23513 6.17607 0.469711 0.89671 0.0367081 
295.605 0.0041847 1002.27 185.294 224.768 76.0367 82.4138 0.278797 2.89958 0.0291063 0.104762 0.0349206 48.5694 2.18623 4.50126 0.272458 0.560966 0.0306972 

368.124 0.00403628 1050 111.364 296.701 80.5983 191.457 0.520089 1.29404 0.302247 0.719101 0.2397 39.877 3.24613 8.14035 0.28717 0.720138 0.0443958 
422.563 0.00366497 1102.5 204.167 356.794 84.4358 142.509 0.337248 1.91465 0.208095 0.428682 0.142894 44.525 2.31556 5.20059 0.342801 0.769907 0.0622848 
267.918 0.00407659 735 212.019 118.379 44.1849 38.2466 0.142755 6.41372 0.019389 0.0632726 0.0210909 41.8093 2.21636 5.30111 0.204254 0.488536 0.0183736 
239.578 0.00425737 286.364 186.864 32.8333 13.7046 6.38161 0.0266369 36.8068 0.0144874 0.0237259 0.00790865 40.8163 2.97751 7.2949 0.269647 0.660635 0.0467174 
476.696 0.00316327 1050 200.455 315.266 66.1357 242.526 0.508764 1.30349 0.38853 0.708244 0.236081 42.2339 2.06183 4.88193 0.38591 0.913745 0.011174 
261.563 0.00458874 848.077 198.649 185.502 70.9207 67.0223 0.256238 3.25152 0.0324734 0.103225 0.0344082 42.312 2.31542 5.47224 0.368615 0.871184 0.0131266 
320.472 0.00374673 882 227.32 195.448 60.9874 57.7458 0.180189 4.62198 0.0621353 0.147452 0.0491507 39.6047 2.89567 7.31143 0.340123 0.858795 0.0411369 
216.78 0.00476457 424.038 193.421 52.4992 24.2178 16.5378 0.0762884 12.6911 0.0155224 0.043785 0.014595 41.9541 1.35248 3.22371 0.146532 0.349267 0.0181101 
217.72 0.00462207 265.663 200.455 18.1955 8.35728 6.64169 0.0305056 32.575 0.0127555 0.0264922 0.00883074 41.0339 3.29629 8.03308 0.327998 0.799335 0.0640261 
213.479 0.00499278 432.353 155.282 70.8936 33.2087 35.0713 0.164285 5.71091 0.0999174 0.180659 0.0602196 42.494 2.66098 6.262 0.472045 1.11085 0.0113022 

250.054 0.00599647 1102.5 105.502 269.688 107.852 138.482 0.553809 1.20423 0.121034 0.362405 0.120802 30.2054 4.67291 15.4704 0.373345 1.23602 0.0556655 
474.991 0.0052466 1102.5 103.521 451.329 95.0183 581.564 1.22437 0.327737 0.578858 1.50652 0.502174 25.9506 3.41552 13.1617 0.467459 1.80134 0.111443 
182.782 0.00654929 760.345 127.457 145.009 79.3343 44.4277 0.243064 3.43678 0.0219458 0.0918669 0.0306223 32.2339 2.85547 8.85858 0.449383 1.39413 0.046781 
286.33 0.00540668 1002.27 109.158 265.59 92.7564 200.79 0.701255 0.921141 0.242017 0.811243 0.270414 26.5873 5.67759 21.3545 0.412959 1.55322 0.0524315 
236.346 0.00635269 918.75 126.724 236.523 100.075 91.9619 0.389098 1.71173 0.0647263 0.19989 0.0666301 29.7612 2.43353 8.17685 0.622969 2.09322 0.0117783 
496.78 0.00482615 1102.5 97.5664 408.768 82.2836 419.419 0.844274 0.494027 0.433438 1.28457 0.428191 34.6618 3.8065 10.9818 0.62169 1.79359 0.102792 
293.311 0.00510658 1102.5 136.111 259.11 88.3398 188.858 0.643885 1.03689 0.204424 0.516464 0.172155 26.4283 3.20596 12.1308 0.611028 2.31202 0.0689837 
129.99 0.00772271 146.026 119.189 8.15823 6.27604 3.08279 0.0237156 42.0036 0.00986577 0.0225112 0.00750373 29.6568 1.98143 6.68119 0.247066 0.833086 0.0298897 
259.02 0.00631793 1102.5 124.576 303.622 117.219 228.904 0.883729 0.691468 0.197602 0.494765 0.164922 30.4736 2.53781 8.32787 0.587206 1.92693 0.0549329 
313.707 0.00624231 1102.5 105 333.464 106.298 211.106 0.672941 0.758847 0.284359 0.619962 0.206654 34.1447 2.20842 6.46783 0.319975 0.937116 0.0423603 

175.168 0.00677627 512.791 119.189 107.692 61.4793 74.5553 0.425622 1.97939 0.228555 0.340658 0.113553 41.4616 1.16179 2.8021 0.230915 0.556936 0.0372122 
212.529 0.006412 1002.27 123.184 228.268 107.406 78.6972 0.37029 1.98174 0.046524 0.149174 0.0497247 39.5731 1.32181 3.34018 0.307929 0.778126 0.0319465 
136.101 0.00741648 172.266 114.249 13.446 9.87945 4.89282 0.03595 27.5577 0.0183449 0.0385713 0.0128571 40.9537 1.76407 4.30748 0.366596 0.895147 0.0406635 
159.425 0.00662635 373.729 126.724 53.2615 33.4084 17.3312 0.10871 8.70757 0.0217056 0.0581749 0.0193916 41.9576 1.13394 2.70259 0.154708 0.368724 0.0156216 
145.951 0.00693626 167.045 120.492 15.8769 10.8782 4.18977 0.0287066 34.41 0.0144777 0.0257446 0.00858155 39.6719 2.56283 6.46005 0.212719 0.536195 0.0294323 
271.957 0.00649282 1002.27 96.7105 308.787 113.542 100.096 0.368057 1.53869 0.195576 0.449825 0.149942 37.6257 4.11701 10.942 0.380142 1.01032 0.00748453 
165.043 0.00738905 648.529 121.823 134.226 81.3275 42.5113 0.257577 3.18351 0.0261464 0.0859272 0.0286424 38.8144 0.881406 2.27082 0.170829 0.440118 0.00987204 
130.406 0.00824792 275.625 80.7692 42.7335 32.7695 19.0622 0.146175 6.36037 0.0775793 0.226286 0.0754286 37.27 2.77025 7.43291 0.582132 1.56193 0.0219757 
130.497 0.00768424 138.679 119.189 6.81206 5.22008 2.33233 0.0178726 55.7968 0.00875446 0.0151763 0.00505876 40.8592 1.3641 3.33855 0.278286 0.681086 0.0366693 
214.862 0.00739985 882 86.1328 228.89 106.529 182.924 0.851356 0.738765 0.13713 0.634321 0.21144 40.2092 2.35181 5.84892 0.351022 0.872988 0.0237019 

150.211 0.00668316 162.132 135.276 9.21721 6.13617 2.68563 0.017879 55.715 0.0048471 0.0128179 0.00427263 34.8871 1.74116 4.99085 0.335491 0.961648 0.0320068 
229.722 0.0060771 711.29 121.154 175.708 76.4874 126.825 0.552081 1.29747 0.184627 0.449627 0.149876 34.7099 1.8847 5.42985 0.326363 0.94026 0.0513169 
258.231 0.00688133 1102.5 120.492 331.174 128.247 140.644 0.544642 1.03325 0.219764 0.316851 0.105617 39.186 2.40009 6.12486 0.247737 0.632208 0.0480736 
257.45 0.00647619 1002.27 100.227 279.949 108.739 229.949 0.893178 0.671505 0.25797 0.763914 0.254638 38.5315 1.43167 3.71558 0.17314 0.449346 0.0246338 
231.199 0.00662665 1002.27 111.929 260.559 112.699 159.39 0.689408 0.94677 0.0494859 0.283333 0.0944444 37.2984 3.28589 8.80973 0.254136 0.681358 0.0343921 
190.148 0.00664605 595.946 124.576 137.696 72.4151 84.662 0.445243 1.77725 0.0976781 0.432934 0.144311 36.4167 2.34619 6.44262 0.318352 0.874193 0.00667762 
255.003 0.00608314 1102.5 132.036 281.409 110.355 71.5531 0.280597 2.29743 0.066013 0.170898 0.0569659 33.3539 2.77221 8.31151 0.352572 1.05706 0.0695627 
144.449 0.00762972 441 119.189 74.4426 51.5355 21.7196 0.150361 6.03448 0.0186552 0.0622145 0.0207382 35.1478 1.55613 4.4274 0.283043 0.805294 0.0190108 
202.092 0.00672822 816.667 116.053 190.321 94.1754 121.008 0.598776 1.22825 0.133237 0.371505 0.123835 35.9696 3.64181 10.1247 0.385111 1.07066 0.0466526 
292.003 0.00578231 882 116.667 263.933 90.3871 132.72 0.454516 1.30305 0.324706 0.712941 0.237647 37.1753 2.12436 5.71445 0.360269 0.969109 0.0427996 

124.495 0.00807256 136.957 106.522 8.60417 6.91128 4.88312 0.0392236 25.3683 0.0186798 0.0303371 0.0101124 26.972 3.17142 11.7582 0.640401 2.37432 0.10481 
112.573 0.00891308 125.284 98 6.41057 5.69456 3.87744 0.0344436 28.9353 0.0171148 0.0289636 0.00965452 32.3838 4.19442 12.9522 0.403099 1.24476 0.0497367 
159.934 0.00752678 760.345 97.5664 124.18 77.6443 48.5957 0.303849 2.73396 0.099828 0.263107 0.0877023 25.747 4.03524 15.6727 0.629122 2.44348 0.0673249 
291.566 0.00687075 958.696 95.4545 291.392 99.9405 212.574 0.729076 0.684677 0.276328 0.647415 0.215805 29.3802 3.55397 12.0965 0.659951 2.24624 0.0898992 
219.637 0.00747921 882 105 239.641 109.108 183.313 0.834616 0.729375 0.225872 0.494189 0.16473 30.3763 1.39456 4.59094 0.381645 1.25639 0.0432933 
299.78 0.00595616 1002.27 83.8403 262.606 87.5995 251.832 0.840057 0.666687 0.351396 1.00051 0.333503 32.1495 2.33147 7.25196 0.427927 1.33106 0.0159758 
102.298 0.00999382 140.446 81.3653 15.9557 15.5973 11.716 0.114528 8.5406 0.0617162 0.182022 0.0606741 29.9136 2.34909 7.8529 0.715792 2.39286 0.0018612 
168.426 0.00747921 1002.27 108.088 163.638 97.1569 77.6723 0.461165 1.72138 0.0781076 0.205273 0.0684243 27.3278 4.214 15.4202 0.759816 2.78038 0.065179 
196.788 0.00829176 1102.5 95.4545 273.878 139.174 192.002 0.975681 0.628127 0.199362 0.46381 0.154603 30.8648 2.678 8.67655 0.584178 1.8927 0.0901348 
265.279 0.006745 958.696 91.1157 295.215 111.285 92.218 0.347627 1.60769 0.158488 0.408653 0.136218 26.2221 3.89816 14.866 0.678838 2.58881 0.0870165 

348.302 0.00562358 1102.5 99.7738 353.46 101.481 252.788 0.725774 0.703444 0.511437 0.842432 0.280811 45.1395 2.43904 5.40335 0.482417 1.06872 0.0498278 
310.267 0.00611036 1002.27 86.1328 329.237 106.114 381.472 1.2295 0.429013 0.389456 1.34168 0.447227 47.4717 1.44196 3.03751 0.167931 0.353749 0.0229531 
222.201 0.00623961 689.062 125.284 175.085 78.7957 187.689 0.844682 0.853894 0.345972 0.887462 0.295821 48.4684 3.003 6.1958 0.282469 0.582791 0.0428406 
476.976 0.00409812 1102.5 93.8298 373.544 78.3152 268.932 0.563828 0.907345 0.398267 0.914085 0.304695 48.9439 4.10065 8.37828 0.496146 1.0137 0.0393893 
418.377 0.00458698 958.696 108.088 319.621 76.3956 350.008 0.836587 0.622867 0.543588 1.62312 0.541039 50.1204 3.81054 7.60278 0.447679 0.893208 0.0265401 
500.381 0.00368681 1002.27 95.0431 294.915 58.9381 296.82 0.593188 0.913811 0.559791 1.18746 0.395819 50.9079 3.92676 7.71345 0.44438 0.872909 0.0852216 
416.456 0.0042919 1002.27 86.1328 321.441 77.1848 256.611 0.616177 0.907979 0.451956 0.982709 0.32757 52.6991 3.92886 7.45527 0.656932 1.24657 0.0185317 
629.149 0.00303157 1102.5 109.158 381.297 60.6051 453.259 0.720432 0.727756 0.669863 1.86861 0.622869 52.3336 1.5648 2.99005 0.175269 0.334908 0.0260761 
226.768 0.00636316 1002.27 118.548 234.274 103.31 96.5772 0.425885 1.62724 0.0605019 0.146431 0.0488105 45.8327 5.38636 11.7522 0.617804 1.34795 0.051001 
303.055 0.00525665 882 100.685 230.902 76.1914 189.106 0.623999 1.00597 0.5667 0.993115 0.331038 51.2834 3.49795 6.82082 0.348301 0.679169 0.0763116 

266.09 0.00641298 1102.5 86.1328 288.246 108.326 273.891 1.02932 0.569327 0.27671 0.818681 0.272894 38.9308 2.60602 6.69398 0.590167 1.51594 0.0375781 
192.275 0.00729511 1002.27 114.249 225.098 117.071 145.163 0.754975 0.944306 0.173694 0.427916 0.142639 39.4433 2.65717 6.73669 0.600052 1.5213 0.0697782 
424.538 0.00471466 918.75 110.25 315.708 74.3652 239.381 0.563862 0.886054 0.352449 0.846493 0.282164 42.8039 3.07563 7.18538 0.427988 0.999881 0.0346588 
263.117 0.00605166 958.696 90.7407 254.126 96.5829 127.073 0.482954 1.30038 0.172687 0.393919 0.131306 40.7403 4.77042 11.7093 0.606294 1.48819 0.0754533 
144.467 0.00703704 180.738 121.823 18.8488 13.0471 10.3998 0.0719874 13.6642 0.0296455 0.0824919 0.0274973 43.5703 4.27737 9.81718 0.62948 1.44475 0.0208298 
245.567 0.00633711 918.75 117.914 246.578 100.412 148.881 0.606277 1.05991 0.223152 0.473429 0.15781 45.322 3.84179 8.47665 0.40244 0.887958 0.0749049 
260.086 0.00581104 787.5 113.077 223.749 86.0287 107.074 0.411685 1.60718 0.167865 0.593732 0.197911 44.2446 3.99704 9.03397 0.579587 1.30996 0.0230104 
306.457 0.00706785 1102.5 90.7407 348.3 113.654 205.65 0.671056 0.687993 0.308139 0.730907 0.243636 45.2448 3.20867 7.09179 0.508587 1.12408 0.0274918 
350.81 0.00527778 1002.27 109.701 310.299 88.4521 290.59 0.82834 0.652032 0.498246 1.66887 0.556289 46.3684 4.14147 8.93165 0.738665 1.59304 0.105332 
185.142 0.00715193 1002.27 114.844 193.073 104.284 109.025 0.58887 1.28248 0.132579 0.27584 0.0919467 41.2663 2.50752 6.07644 0.369053 0.894321 0.0399352 

324.984 0.00535021 1002.27 83.2075 281.455 86.6057 292.773 0.900882 0.638408 0.46192 1.33705 0.445685 43.3427 3.28553 7.58034 0.341281 0.787402 0.0435359 
405.79 0.00603822 1002.27 86.1328 391.381 96.4493 431.005 1.06214 0.384245 0.76309 1.59165 0.53055 50.1485 2.23081 4.44841 0.191389 0.381645 0.0334744 
424.067 0.0053458 1102.5 98 387.594 91.3994 441.986 1.04226 0.423232 0.419795 1.25375 0.417916 42.8524 2.64837 6.18022 0.222726 0.519753 0.022304 
494.627 0.0049757 1002.27 88.9113 417.046 84.3153 368.151 0.7443 0.545908 0.598775 1.44154 0.480514 42.9621 5.08802 11.843 0.488329 1.13665 0.0185988 
366.116 0.00558277 1002.27 83.8403 335.442 91.6216 219.564 0.59971 0.815812 0.49472 0.95683 0.318943 48.1522 1.90115 3.94822 0.313852 0.651792 0.0281846 
417.3 0.00439909 1002.27 109.158 350.841 84.0741 192.687 0.461748 1.17973 0.545876 1.32268 0.440893 49.2485 2.61689 5.31365 0.358848 0.728646 0.0774045 
533.415 0.00431251 1002.27 101.613 409.719 76.8104 524.241 0.982801 0.442322 0.527916 2.32409 0.774697 43.7119 2.58224 5.9074 0.605115 1.38433 0.0887839 
590.327 0.00380952 1002.27 86.1328 359.682 60.9292 418.408 0.708773 0.627378 0.802381 1.6119 0.537302 45.2194 3.68535 8.14994 0.330825 0.731599 0.0400685 
540.868 0.00324717 1002.27 107.561 311.789 57.646 453.948 0.839295 0.678405 0.642458 2.28406 0.761352 46.6734 3.0601 6.55641 0.403268 0.864023 0.0848805 
439.665 0.00518214 1002.27 104.502 344.502 78.3556 394.439 0.897136 0.489228 0.598486 1.67979 0.559929 44.2742 1.19916 2.70849 0.177612 0.401163 0.0110389 

1 0 0 0 0 0 0 0 0 0 
1 0 0 0 0 0 0 0 0 0 
1 0 0 0 0 0 0 0 0 0 
1 0 0 0 0 0 0 0 0 0 
1 0 0 0 0 0 0 0 0 0 
1 0 0 0 0 0 0 0 0 0 
1 0 0 0 0 0 0 0 0 0 
1 0 0 0 0 0 0 0 0 0 
1 0 0 0 0 0 0 0 0 0 
1 0 0 0 0 0 0 0 0 0 

0 1 0 0 0 0 0 0 0 0 
0 1 0 0 0 0 0 0 0 0 
0 1 0 0 0 0 0 0 0 0 
0 1 0 0 0 0 0 0 0 0 
0 1 0 0 0 0 0 0 0 0 
0 1 0 0 0 0 0 0 0 0 
0 1 0 0 0 0 0 0 0 0 
0 1 0 0 0 0 0 0 0 0 
0 1 0 0 0 0 0 0 0 0 
0 1 0 0 0 0 0 0 0 0 

0 0 1 0 0 0 0 0 0 0 
0 0 1 0 0 0 0 0 0 0 
0 0 1 0 0 0 0 0 0 0 
0 0 1 0 0 0 0 0 0 0 
0 0 1 0 0 0 0 0 0 0 
0 0 1 0 0 0 0 0 0 0 
0 0 1 0 0 0 0 0 0 0 
0 0 1 0 0 0 0 0 0 0 
0 0 1 0 0 0 0 0 0 0 
0 0 1 0 0 0 0 0 0 0 

0 0 0 1 0 0 0 0 0 0 
0 0 0 1 0 0 0 0 0 0 
0 0 0 1 0 0 0 0 0 0 
0 0 0 1 0 0 0 0 0 0 
0 0 0 1 0 0 0 0 0 0 
0 0 0 1 0 0 0 0 0 0 
0 0 0 1 0 0 0 0 0 0 
0 0 0 1 0 0 0 0 0 0 
0 0 0 1 0 0 0 0 0 0 
0 0 0 1 0 0 0 0 0 0 

0 0 0 0 1 0 0 0 0 0 
0 0 0 0 1 0 0 0 0 0 
0 0 0 0 1 0 0 0 0 0 
0 0 0 0 1 0 0 0 0 0 
0 0 0 0 1 0 0 0 0 0 
0 0 0 0 1 0 0 0 0 0 
0 0 0 0 1 0 0 0 0 0 
0 0 0 0 1 0 0 0 0 0 
0 0 0 0 1 0 0 0 0 0 
0 0 0 0 1 0 0 0 0 0 

0 0 0 0 0 1 0 0 0 0 
0 0 0 0 0 1 0 0 0 0 
0 0 0 0 0 1 0 0 0 0 
0 0 0 0 0 1 0 0 0 0 
0 0 0 0 0 1 0 0 0 0 
0 0 0 0 0 1 0 0 0 0 
0 0 0 0 0 1 0 0 0 0 
0 0 0 0 0 1 0 0 0 0 
0 0 0 0 0 1 0 0 0 0 
0 0 0 0 0 1 0 0 0 0 

0 0 0 0 0 0 1 0 0 0 
0 0 0 0 0 0 1 0 0 0 
0 0 0 0 0 0 1 0 0 0 
0 0 0 0 0 0 1 0 0 0 
0 0 0 0 0 0 1 0 0 0 
0 0 0 0 0 0 1 0 0 0 
0 0 0 0 0 0 1 0 0 0 
0 0 0 0 0 0 1 0 0 0 
0 0 0 0 0 0 1 0 0 0 
0 0 0 0 0 0 1 0 0 0 

0 0 0 0 0 0 0 1 0 0 
0 0 0 0 0 0 0 1 0 0 
0 0 0 0 0 0 0 1 0 0 
0 0 0 0 0 0 0 1 0 0 
0 0 0 0 0 0 0 1 0 0 
0 0 0 0 0 0 0 1 0 0 
0 0 0 0 0 0 0 1 0 0 
0 0 0 0 0 0 0 1 0 0 
0 0 0 0 0 0 0 1 0 0 
0 0 0 0 0 0 0 1 0 0 

0 0 0 0 0 0 0 0 1 0 
0 0 0 0 0 0 0 0 1 0 
0 0 0 0 0 0 0 0 1 0 
0 0 0 0 0 0 0 0 1 0 
0 0 0 0 0 0 0 0 1 0 
0 0 0 0 0 0 0 0 1 0 
0 0 0 0 0 0 0 0 1 0 
0 0 0 0 0 0 0 0 1 0 
0 0 0 0 0 0 0 0 1 0 
0 0 0 0 0 0 0 0 1 0 

0 0 0 0 0 0 0 0 0 1 
0 0 0 0 0 0 0 0 0 1 
0 0 0 0 0 0 0 0 0 1 
0 0 0 0 0 0 0 0 0 1 
0 0 0 0 0 0 0 0 0 1 
0 0 0 0 0 0 0 0 0 1 
0 0 0 0 0 0 0 0 0 1 
0 0 0 0 0 0 0 0 0 1 
0 0 0 0 0 0 0 0 0 1 
0 0 0 0 0 0 0 0 0 1 

