100 7 10 10 0.0021837 0.07426 10000000

-0.425705 1.91536 2.23631 0.0800445 2.46707 2.10308 1.84627 
-0.252124 0.397111 0.91424 -0.155594 0.42873 0.499508 0.101566 
-1.12188 0.383412 0.865376 -1.0982 1.16791 0.724127 0.0988997 
-1.30877 -0.574215 -1.0457 -1.06676 0.127308 -0.168019 -0.67069 
-0.0105212 1.40511 1.52264 0.472849 1.24443 1.51574 0.98073 
0.748194 1.67949 1.38874 1.02763 0.862017 1.94917 0.815314 
0.399367 1.67717 1.99076 1.03233 2.22695 1.65304 1.9686 
-0.407987 1.58456 1.70564 -0.0156701 1.65104 1.78674 1.42822 
-0.20601 0.585997 0.789175 0.190681 0.944279 0.759186 0.507796 
-0.389605 1.52008 1.31712 0.318492 1.2319 1.72649 1.06639 
-0.00607755 0.0928047 0.475536 0.00674307 1.04952 0.193197 0.363075 
-0.213858 -0.762143 -1.02865 -0.485765 -0.393964 -0.704739 -0.442983 
-1.07414 -1.22849 -1.79248 -1.56585 -0.467627 -1.04645 -0.695477 
-1.06133 -0.356456 0.188484 -0.975607 1.25842 0.0409957 -0.0293686 
0.149933 0.711944 1.09667 0.345441 1.77301 0.855302 1.04383 
-1.11499 -1.1538 -1.70758 -1.73627 -0.902103 -0.803529 -1.15135 
-1.22188 -0.684435 -0.799769 -1.52734 0.0522853 -0.182031 -0.780098 
-1.29251 0.64702 0.776603 -1.33834 1.33844 1.45867 -0.195369 
-0.650858 -0.194236 0.231046 -0.483187 1.01108 0.208988 0.0296139 
-0.400814 -0.955736 -0.43332 -0.309547 0.0491274 -0.837346 -0.412337 
0.386882 -0.380562 -0.627983 0.213166 -0.325406 -0.477856 -0.199902 
0.419591 -0.276656 0.3073 0.751225 0.968657 -0.423051 0.688663 
-0.891274 -1.45267 -1.02353 -0.866138 -0.451535 -1.1757 -1.22154 
-1.12704 -0.939311 -0.883056 -0.882888 0.495186 -0.554514 -0.699402 
0.71182 -0.566491 -0.461376 0.700781 -0.0363576 -0.431808 -0.454888 
-0.597618 -0.860173 -0.513317 -0.434851 -0.355253 -0.542636 -0.945023 
-0.465224 -0.529601 -0.0364515 -0.0865043 0.514511 -0.322503 -0.255908 
-1.25598 -2.04955 -1.82502 -1.47668 -1.05453 -1.79189 -1.65461 
-1.1572 -0.550365 -0.270631 -0.825899 1.05393 -0.217123 -0.165148 
-1.10892 -0.760013 -1.09876 -1.34018 -0.755369 -0.239721 -1.29246 
0.00669787 0.672552 0.75864 0.301366 0.0171152 0.61053 0.171984 
2.22786 1.5597 1.3007 2.30143 1.16104 0.85542 2.27679 
-0.853421 -0.208938 -0.434142 -0.673518 -0.718226 -0.128104 -0.538989 
0.400133 1.45529 1.28402 0.713335 0.410912 1.51898 0.452742 
-0.414887 0.164194 -0.568779 -0.146698 -1.21857 0.439192 -0.911465 
1.60212 1.62006 1.18936 1.67361 1.41484 1.1993 2.12988 
0.251465 1.08935 0.228417 0.713532 0.171939 1.06382 0.668326 
-1.41757 -1.46239 -1.79124 -1.43857 -1.28606 -1.23885 -1.79697 
0.506864 0.647548 0.417365 0.83631 -0.221007 0.505622 0.429011 
0.524422 -0.457638 -0.416393 0.475196 -0.905173 -0.77207 -0.288786 
-0.687331 -1.52643 -1.38125 -1.11541 -1.46121 -1.67517 -1.04296 
-0.423684 -1.13652 -1.02657 -0.376261 -1.30154 -1.26654 -0.849425 
-1.4381 -1.18892 -1.43135 -1.671 -0.818255 -0.971195 -1.12702 
-1.38939 -2.13929 -2.09785 -1.93177 -1.88858 -2.02489 -1.90351 
-1.40279 -1.39647 -1.37289 -1.58814 -0.767997 -1.1348 -1.47667 
0.00449023 0.0555039 0.22731 0.0894289 -0.752684 0.154426 -0.830471 
-0.965466 -1.99598 -1.68753 -1.28125 -2.1907 -2.06476 -1.83208 
-1.33711 -0.299145 -0.866348 -1.72211 -1.33088 0.0324263 -1.21333 
-1.23662 -1.44382 -1.59061 -1.10857 -0.515505 -1.23467 -1.26959 
0.157282 -0.535151 -0.161363 -0.109332 -1.17705 -0.692918 -0.621401 
-1.24209 -1.24604 -1.76351 -0.973475 -0.584445 -0.881505 -1.45356 
-0.29863 -0.836556 -0.933033 -0.4855 -1.04781 -0.998547 -0.531145 
0.266065 -0.52517 0.227877 0.437074 -0.460885 -0.91694 -0.0499437 
0.513236 -1.27807 -0.931028 0.184891 -1.58557 -1.6338 -0.879081 
-0.0449761 -0.460177 0.230089 -0.089288 -0.656591 -0.602046 -0.459731 
-0.632997 -1.04458 -0.970346 -0.899427 -1.59721 -0.896488 -1.51295 
-0.231228 -0.149722 -0.00149411 0.182518 -0.172392 -0.403624 0.190643 
-1.28914 -1.55285 -1.56062 -1.61904 -1.91493 -1.47079 -1.73056 
-0.236073 0.0552097 0.432178 -0.187278 -0.28919 0.00140397 -0.154833 
0.192133 -0.513694 -0.705356 0.170188 -0.816341 -0.704686 -0.366136 
-1.43737 0.847345 -0.0826646 -1.1526 0.480501 0.921529 0.647579 
-1.46958 0.00856957 0.0952662 -1.50917 -0.114631 0.249449 -0.699337 
-0.729574 1.33517 0.539945 -0.289822 -0.123165 1.39817 0.366491 
0.496553 1.53988 1.09955 0.832258 0.574509 1.26108 1.39598 
0.171226 -0.620113 -0.59389 0.0942463 -1.44975 -0.952018 -0.509651 
0.605044 -0.303969 -0.979624 0.339864 -1.55034 -0.36943 -0.895371 
-1.53331 -0.00742834 -0.901871 -1.88055 -1.8721 0.434613 -1.64609 
-0.424897 1.88286 1.18768 0.257919 0.349507 1.99126 0.766905 
0.523336 1.05016 1.32199 0.994847 0.202589 0.535247 1.29691 
-0.0400839 1.77148 0.877673 0.588622 0.394522 1.62563 1.21231 
0.981992 0.220466 0.168458 0.931266 0.0854152 -0.0374697 0.525811 
1.36454 -0.973007 -0.465473 0.802937 -1.03555 -1.41862 -0.270303 
0.332918 -0.340472 0.451456 0.0736358 0.0731274 -0.527517 0.0992214 
0.945546 0.592482 0.452267 0.689354 0.685772 0.598882 0.579558 
1.47781 0.50086 0.610183 1.22543 0.5552 0.430482 0.458073 
1.13872 0.717658 0.580623 0.854214 1.43359 0.402109 1.57573 
0.843383 0.765623 0.328724 0.557539 0.446376 1.02628 0.247302 
2.00746 -0.772368 -0.983558 1.352 -0.202542 -1.20131 0.239182 
-0.234561 1.23486 1.86258 0.117429 1.25282 1.43437 0.729007 
0.672538 0.262546 0.532837 0.539669 0.887124 -0.0955532 1.03138 
0.765645 0.441631 0.209739 0.708333 -0.465268 0.352934 0.156765 
0.1737 0.627601 0.90624 0.512564 0.254635 0.410208 0.803413 
0.620208 -0.0161684 -0.162595 0.333768 -0.110028 -0.0515521 0.0156333 
-0.00451927 1.21571 1.20689 0.210141 0.934263 1.1991 1.01658 
-1.44775 0.204278 0.0872431 -1.65143 0.0427483 0.85369 -0.835717 
0.182611 0.437441 1.18115 0.317783 0.883268 0.184534 0.953493 
-0.126264 0.465152 0.430496 -0.0909194 0.02355 0.744552 -0.21769 
0.701183 0.416739 0.805026 0.716402 -0.0591138 0.289624 0.174008 
1.50868 1.93217 1.85247 1.88153 2.11334 1.60294 2.45938 
-0.196008 -0.394446 0.0904604 -0.126372 -0.571735 -0.546159 -0.297275 
1.06943 0.0332124 -0.0143478 0.790099 -0.206949 -0.229951 0.184591 
1.95333 -0.351625 0.236413 1.45456 -0.147259 -0.945633 0.404002 
1.51354 -0.482835 -0.0686985 1.00468 -0.504583 -0.808581 -0.128819 
1.59976 1.05602 1.12147 1.35098 0.583343 1.03955 0.385564 
0.797773 -0.596137 -0.700562 0.430407 -0.73999 -0.863609 -0.239107 
1.0891 0.133787 0.0241953 1.08233 0.712712 -0.313396 1.12872 
2.40141 1.14942 0.699423 2.31244 1.23503 0.639 2.10453 
1.80986 0.269873 0.0159069 1.26567 0.343535 -0.057161 0.54348 
2.11613 0.607721 0.21273 1.89585 1.15065 0.0884238 1.68905 
1.61577 -1.10917 -1.09805 1.05174 -1.21584 -1.51974 -0.602474 

1 0 0 0 0 0 0 0 0 0 
1 0 0 0 0 0 0 0 0 0 
1 0 0 0 0 0 0 0 0 0 
1 0 0 0 0 0 0 0 0 0 
1 0 0 0 0 0 0 0 0 0 
1 0 0 0 0 0 0 0 0 0 
1 0 0 0 0 0 0 0 0 0 
1 0 0 0 0 0 0 0 0 0 
1 0 0 0 0 0 0 0 0 0 
1 0 0 0 0 0 0 0 0 0 
0 1 0 0 0 0 0 0 0 0 
0 1 0 0 0 0 0 0 0 0 
0 1 0 0 0 0 0 0 0 0 
0 1 0 0 0 0 0 0 0 0 
0 1 0 0 0 0 0 0 0 0 
0 1 0 0 0 0 0 0 0 0 
0 1 0 0 0 0 0 0 0 0 
0 1 0 0 0 0 0 0 0 0 
0 1 0 0 0 0 0 0 0 0 
0 1 0 0 0 0 0 0 0 0 
0 0 1 0 0 0 0 0 0 0 
0 0 1 0 0 0 0 0 0 0 
0 0 1 0 0 0 0 0 0 0 
0 0 1 0 0 0 0 0 0 0 
0 0 1 0 0 0 0 0 0 0 
0 0 1 0 0 0 0 0 0 0 
0 0 1 0 0 0 0 0 0 0 
0 0 1 0 0 0 0 0 0 0 
0 0 1 0 0 0 0 0 0 0 
0 0 1 0 0 0 0 0 0 0 
0 0 0 1 0 0 0 0 0 0 
0 0 0 1 0 0 0 0 0 0 
0 0 0 1 0 0 0 0 0 0 
0 0 0 1 0 0 0 0 0 0 
0 0 0 1 0 0 0 0 0 0 
0 0 0 1 0 0 0 0 0 0 
0 0 0 1 0 0 0 0 0 0 
0 0 0 1 0 0 0 0 0 0 
0 0 0 1 0 0 0 0 0 0 
0 0 0 1 0 0 0 0 0 0 
0 0 0 0 1 0 0 0 0 0 
0 0 0 0 1 0 0 0 0 0 
0 0 0 0 1 0 0 0 0 0 
0 0 0 0 1 0 0 0 0 0 
0 0 0 0 1 0 0 0 0 0 
0 0 0 0 1 0 0 0 0 0 
0 0 0 0 1 0 0 0 0 0 
0 0 0 0 1 0 0 0 0 0 
0 0 0 0 1 0 0 0 0 0 
0 0 0 0 1 0 0 0 0 0 
0 0 0 0 0 1 0 0 0 0 
0 0 0 0 0 1 0 0 0 0 
0 0 0 0 0 1 0 0 0 0 
0 0 0 0 0 1 0 0 0 0 
0 0 0 0 0 1 0 0 0 0 
0 0 0 0 0 1 0 0 0 0 
0 0 0 0 0 1 0 0 0 0 
0 0 0 0 0 1 0 0 0 0 
0 0 0 0 0 1 0 0 0 0 
0 0 0 0 0 1 0 0 0 0 
0 0 0 0 0 0 1 0 0 0 
0 0 0 0 0 0 1 0 0 0 
0 0 0 0 0 0 1 0 0 0 
0 0 0 0 0 0 1 0 0 0 
0 0 0 0 0 0 1 0 0 0 
0 0 0 0 0 0 1 0 0 0 
0 0 0 0 0 0 1 0 0 0 
0 0 0 0 0 0 1 0 0 0 
0 0 0 0 0 0 1 0 0 0 
0 0 0 0 0 0 1 0 0 0 
0 0 0 0 0 0 0 1 0 0 
0 0 0 0 0 0 0 1 0 0 
0 0 0 0 0 0 0 1 0 0 
0 0 0 0 0 0 0 1 0 0 
0 0 0 0 0 0 0 1 0 0 
0 0 0 0 0 0 0 1 0 0 
0 0 0 0 0 0 0 1 0 0 
0 0 0 0 0 0 0 1 0 0 
0 0 0 0 0 0 0 1 0 0 
0 0 0 0 0 0 0 1 0 0 
0 0 0 0 0 0 0 0 1 0 
0 0 0 0 0 0 0 0 1 0 
0 0 0 0 0 0 0 0 1 0 
0 0 0 0 0 0 0 0 1 0 
0 0 0 0 0 0 0 0 1 0 
0 0 0 0 0 0 0 0 1 0 
0 0 0 0 0 0 0 0 1 0 
0 0 0 0 0 0 0 0 1 0 
0 0 0 0 0 0 0 0 1 0 
0 0 0 0 0 0 0 0 1 0 
0 0 0 0 0 0 0 0 0 1 
0 0 0 0 0 0 0 0 0 1 
0 0 0 0 0 0 0 0 0 1 
0 0 0 0 0 0 0 0 0 1 
0 0 0 0 0 0 0 0 0 1 
0 0 0 0 0 0 0 0 0 1 
0 0 0 0 0 0 0 0 0 1 
0 0 0 0 0 0 0 0 0 1 
0 0 0 0 0 0 0 0 0 1 
0 0 0 0 0 0 0 0 0 1 

-5.4979 -1.60213 -7.40235 -7.72379 1.13614 5.20229 1.33218 -7.79148 -4.8831 -3.52145 
-17.6162 -0.313775 17.7963 -22.7043 49.1719 -39.3825 5.16714 -6.68792 -7.63699 -12.7415 
14.9728 -1.11659 28.8448 4.28279 7.15133 31.6984 -40.6432 -4.36852 -8.8634 15.2314 
0.0392708 -2.6093 1.81279 -0.854971 -11.3952 5.39562 4.32554 -1.60404 -30.7013 -9.04802 
-0.424032 -2.32807 -21.1397 16.0859 -17.1938 17.8804 -6.64302 -21.0559 19.4381 25.9814 
-9.77706 0.289626 -6.5563 -10.8687 0.830481 -19.6092 -4.2263 16.3014 7.43019 17.6632 
19.6418 7.72562 -28.8704 7.13922 32.0214 -24.251 27.6406 14.9075 -5.51531 -9.1512 
-11.4479 4.82337 2.44003 -13.2059 -25.1847 13.603 15.2173 8.79736 -7.06167 -17.923 

-38.7576 -0.517111 -34.7139 -57.9544 -51.3507 -33.2255 -7.24721 -33.1365 -12.2458 12.6494 
31.8312 8.55033 -21.455 15.3734 -16.9567 26.9523 -3.9744 15.5542 -41.6315 -6.37431 
-7.07711 11.5223 -13.8578 35.7122 -39.3782 -29.3166 16.3073 -24.673 -7.08187 16.1619 
-11.8626 -13.9336 -37.5407 -8.2372 -7.95201 23.3492 13.9893 23.7171 -35.7652 15.2111 
-21.792 -21.2541 17.8146 -3.9068 31.9854 -34.1623 16.5734 -36.0454 -4.21781 -12.9144 
-30.268 -19.539 13.5362 16.7164 15.7895 -38.3466 -8.69853 24.4474 27.0419 -12.9857 
11.8102 -49.6306 -30.1611 22.9795 27.9933 30.8792 -5.46302 -9.28227 22.1669 -42.6349 
-9.71104 10.693 -7.46281 -17.564 16.5605 -3.34497 -38.7134 37.1658 18.9244 -37.193 
19.753 11.2469 16.5697 -42.0291 6.89812 -26.1834 22.1129 -3.6905 8.98335 -4.74941 
-3.32629 3.16726 31.7302 34.8846 -7.19315 4.15077 -4.3316 -39.3106 -17.0068 7.53169 
23.5654 -20.9415 18.7682 -0.597791 -4.56612 25.2388 -17.672 6.26089 -35.8724 -1.97346 

1.2e-08 2e-07 1.533e-07 3.385e-07 -1.92e-07 6.33e-08 7.9e-08 
2.23946 1.6293 0.936091 1.42151 1.11414 1.51432 1.22775 
