100 7 10 10 0.0021837 0.07426 10000000

  -0.953348     3.12069     2.09339    0.113784     2.74866     3.18473     2.26676
  -0.564621    0.647014    0.855812   -0.221177    0.477665    0.756415    0.124698
    -2.5124    0.624694    0.810071    -1.56109     1.30122     1.09656    0.121424
   -2.93093   -0.935568   -0.978874    -1.51641    0.141839   -0.254434   -0.823439
 -0.0235617     2.28934     1.42533    0.672158     1.38647     2.29531     1.20409
    1.67555     2.73639     1.29999     1.46078    0.960408     2.95166       1.001
   0.894365     2.73261     1.86353     1.46746     2.48114     2.50323     2.41695
  -0.913669     2.58172     1.59663  -0.0222748     1.83949      2.7057      1.7535
  -0.461351    0.954766     0.73874    0.271055     1.05206     1.14965    0.623446
  -0.872503     2.47667     1.23294    0.452738     1.37251     2.61446     1.30926
 -0.0136104    0.151207    0.445145  0.00958565     1.16931    0.292562    0.445765
  -0.478927    -1.24176   -0.962908   -0.690517   -0.438932     -1.0672   -0.543872
    -2.4055    -2.00158    -1.67792    -2.22587   -0.521002    -1.58466   -0.853871
   -2.37681   -0.580773    0.176438    -1.38683     1.40206   0.0620806  -0.0360572
   0.335769     1.15997     1.02658    0.491046     1.97538      1.2952     1.28156
   -2.49698    -1.87989    -1.59845    -2.46811    -1.00507     -1.2168    -1.41357
   -2.73635    -1.11515   -0.748656    -2.17112    0.058253   -0.275653   -0.957764
   -2.89453     1.05419    0.726971    -1.90245     1.49121      2.2089   -0.239864
   -1.45757   -0.316468     0.21628   -0.686853     1.12649    0.316475   0.0363585
  -0.897606    -1.55718   -0.405627   -0.440022   0.0547347    -1.26801   -0.506246
   0.866407   -0.620049   -0.587849    0.303017   -0.362548   -0.723627   -0.245429
   0.939657   -0.450755    0.287661     1.06787     1.07922   -0.640634    0.845505
   -1.99597    -2.36684   -0.958119    -1.23122   -0.503074    -1.78039    -1.49974
   -2.52396    -1.53042   -0.826621    -1.25503    0.551707   -0.839712    -0.85869
    1.59409   -0.922983    -0.43189    0.996164  -0.0405077   -0.653896   -0.558488
   -1.33834    -1.40148   -0.480511   -0.618142   -0.395802   -0.821724    -1.16025
   -1.04185   -0.862879  -0.0341218   -0.122966    0.573237   -0.488373   -0.314191
   -2.81272    -3.33934    -1.70838    -2.09911    -1.17489    -2.71349    -2.03145
    -2.5915    -0.89671   -0.253335    -1.17402     1.17423   -0.328793    -0.20276
   -2.48339    -1.23829    -1.02854    -1.90507   -0.841588   -0.363014    -1.58682
  0.0149996     1.09579    0.710156    0.428393   0.0190685    0.924537    0.211153
    4.98921     2.54122     1.21757     3.27149     1.29356     1.29538     2.79532
    -1.9112   -0.340422   -0.406396   -0.957409   -0.800205   -0.193991   -0.661743
    0.89608     2.37111     1.20196     1.01401    0.457814     2.30022    0.555853
  -0.929121    0.267521   -0.532429   -0.208532    -1.35766    0.665077    -1.11905
    3.58788     2.63957     1.11335     2.37905     1.57633     1.81613     2.61496
   0.563146     1.77488    0.213819     1.01429    0.191564     1.61097    0.820536
   -3.17458    -2.38268    -1.67676    -2.04493    -1.43285    -1.87602    -2.20623
     1.1351     1.05505    0.390692     1.18882   -0.246233    0.765674    0.526718
    1.17442    -0.74563   -0.389782    0.675494    -1.00849    -1.16916   -0.354556
   -1.53925    -2.48701    -1.29298    -1.58556    -1.62799    -2.53674    -1.28049
  -0.948822    -1.85173   -0.960967   -0.534857     -1.4501    -1.91795    -1.04288
   -3.22057    -1.93711    -1.33987    -2.37534   -0.911651     -1.4707     -1.3837
   -3.11147    -3.48554    -1.96378    -2.74602    -2.10414    -3.06633    -2.33703
   -3.14149    -2.27527    -1.28515    -2.25755   -0.855657    -1.71845    -1.81298
  0.0100557   0.0904327    0.212783    0.127124   -0.838596    0.233851    -1.01961
   -2.16212    -3.25205    -1.57968    -1.82131    -2.44075     -3.1267    -2.24933
    -2.9944   -0.487397    -0.81098    -2.44799    -1.48279   0.0491038    -1.48966
   -2.76936    -2.35241    -1.48896    -1.57584   -0.574345    -1.86968    -1.55874
   0.352227   -0.871922    -0.15105   -0.155415     -1.3114     -1.0493   -0.762924
    -2.7816    -2.03017    -1.65081     -1.3838   -0.651154    -1.33488    -1.78461
  -0.668769      -1.363   -0.873404   -0.690141    -1.16741    -1.51212   -0.652112
   0.595842   -0.855659    0.213314    0.621303   -0.513491    -1.38854  -0.0613182
    1.14937    -2.08236   -0.871527    0.262824    -1.76655     -2.4741    -1.07929
  -0.100722   -0.749767    0.215384   -0.126923   -0.731535    -0.91169   -0.564434
   -1.41757    -1.70193   -0.908332    -1.27854    -1.77952    -1.35757    -1.85752
  -0.517825   -0.243942 -0.00139847     0.25945   -0.192069   -0.611216    0.234062
   -2.88697    -2.53006    -1.46088    -2.30147     -2.1335    -2.22725    -2.12469
  -0.528675   0.0899534    0.404558   -0.266217   -0.322199  0.00212613   -0.190096
   0.430273   -0.836961   -0.660277    0.241924   -0.909519    -1.06712   -0.449523
   -3.21892     1.38058  -0.0773814    -1.63843    0.535346     1.39549    0.795064
   -3.29107   0.0139626    0.089178    -2.14529   -0.127715    0.377746    -0.85861
   -1.63385      2.1754    0.505438   -0.411983   -0.137223     2.11728    0.449959
    1.11201     2.50893     1.02928     1.18306    0.640084     1.90968     1.71391
   0.383453    -1.01035   -0.555935    0.133972    -1.61523    -1.44166   -0.625723
    1.35497   -0.495256   -0.917017    0.483119     -1.7273   -0.559435    -1.09929
   -3.43379  -0.0121028   -0.844233    -2.67321    -2.08578    0.658143    -2.02099
  -0.951539     3.06775     1.11178    0.366633      0.3894     3.01541    0.941567
    1.17199     1.71103      1.2375     1.41418    0.225713    0.810535     1.59228
 -0.0897663     2.88628    0.821582     0.83673    0.439553     2.46172     1.48841
    2.19913    0.359206    0.157692      1.3238   0.0951644   -0.056741    0.645564
    3.05582    -1.58532   -0.435725     1.14138    -1.15375    -2.14825   -0.331864
   0.745555   -0.554731    0.422604    0.104674    0.081474   -0.798829    0.121819
    2.11751    0.965331    0.423363    0.979921    0.764046    0.906899    0.711552
     3.3095    0.816052    0.571187     1.74196    0.618571    0.651887    0.562398
    2.55011     1.16928    0.543516     1.21427     1.59722    0.608921      1.9346
    1.88872     1.24743    0.307716    0.792545    0.497325     1.55411    0.303625
    4.49563    -1.25842     -0.9207     1.92188   -0.225661    -1.81917    0.293655
  -0.525289     2.01195     1.74354    0.166926     1.39582     2.17209    0.895037
    1.50612    0.427766    0.498784    0.767143    0.988381   -0.144698     1.26628
    1.71463    0.719549    0.196335      1.0069   -0.518374    0.534455    0.192468
   0.388993     1.02255    0.848323    0.728613    0.283699    0.621186    0.986389
    1.38893   -0.026343   -0.152204    0.474453   -0.122587  -0.0780663   0.0191938
 -0.0101207     1.98076     1.12976    0.298717      1.0409     1.81582     1.24811
   -3.24218    0.332831   0.0816676    -2.34752   0.0476274     1.29276    -1.02605
   0.408949    0.712723     1.10566    0.451731    0.984085    0.279443     1.17065
  -0.282762    0.757872    0.402984   -0.129242   0.0262378     1.12749   -0.267268
    1.57027    0.678993    0.753578     1.01837  -0.0658613    0.438584    0.213638
    3.37862     3.14809     1.73408      2.6746     2.35456     2.42737      3.0195
  -0.438952   -0.642671   0.0846793   -0.179638   -0.636993   -0.827059   -0.364979
    2.39495   0.0541131  -0.0134307     1.12313    -0.23057    -0.34822    0.226632
    4.37439   -0.572902    0.221304     2.06766   -0.164067    -1.43199    0.496013
     3.3895   -0.786683  -0.0643079     1.42816   -0.562177    -1.22445   -0.158157
    3.58259     1.72058      1.0498     1.92042    0.649926     1.57421    0.473376
    1.78658   -0.971286    -0.65579    0.611826   -0.824453    -1.30778   -0.293563
      2.439    0.217979   0.0226492     1.53854    0.794061   -0.474582     1.38578
    5.37785     1.87275    0.654724     3.28715       1.376    0.967651     2.58383
     4.0531    0.439704   0.0148905     1.79916    0.382746  -0.0865599    0.667257
    4.73898     0.99016    0.199135     2.69496     1.28199    0.133902     2.07373
    3.61846    -1.80717    -1.02787     1.49506    -1.35462    -2.30137   -0.739686


1 0 0 0 0 0 0 0 0 0 
1 0 0 0 0 0 0 0 0 0 
1 0 0 0 0 0 0 0 0 0 
1 0 0 0 0 0 0 0 0 0 
1 0 0 0 0 0 0 0 0 0 
1 0 0 0 0 0 0 0 0 0 
1 0 0 0 0 0 0 0 0 0 
1 0 0 0 0 0 0 0 0 0 
1 0 0 0 0 0 0 0 0 0 
1 0 0 0 0 0 0 0 0 0 
0 1 0 0 0 0 0 0 0 0 
0 1 0 0 0 0 0 0 0 0 
0 1 0 0 0 0 0 0 0 0 
0 1 0 0 0 0 0 0 0 0 
0 1 0 0 0 0 0 0 0 0 
0 1 0 0 0 0 0 0 0 0 
0 1 0 0 0 0 0 0 0 0 
0 1 0 0 0 0 0 0 0 0 
0 1 0 0 0 0 0 0 0 0 
0 1 0 0 0 0 0 0 0 0 
0 0 1 0 0 0 0 0 0 0 
0 0 1 0 0 0 0 0 0 0 
0 0 1 0 0 0 0 0 0 0 
0 0 1 0 0 0 0 0 0 0 
0 0 1 0 0 0 0 0 0 0 
0 0 1 0 0 0 0 0 0 0 
0 0 1 0 0 0 0 0 0 0 
0 0 1 0 0 0 0 0 0 0 
0 0 1 0 0 0 0 0 0 0 
0 0 1 0 0 0 0 0 0 0 
0 0 0 1 0 0 0 0 0 0 
0 0 0 1 0 0 0 0 0 0 
0 0 0 1 0 0 0 0 0 0 
0 0 0 1 0 0 0 0 0 0 
0 0 0 1 0 0 0 0 0 0 
0 0 0 1 0 0 0 0 0 0 
0 0 0 1 0 0 0 0 0 0 
0 0 0 1 0 0 0 0 0 0 
0 0 0 1 0 0 0 0 0 0 
0 0 0 1 0 0 0 0 0 0 
0 0 0 0 1 0 0 0 0 0 
0 0 0 0 1 0 0 0 0 0 
0 0 0 0 1 0 0 0 0 0 
0 0 0 0 1 0 0 0 0 0 
0 0 0 0 1 0 0 0 0 0 
0 0 0 0 1 0 0 0 0 0 
0 0 0 0 1 0 0 0 0 0 
0 0 0 0 1 0 0 0 0 0 
0 0 0 0 1 0 0 0 0 0 
0 0 0 0 1 0 0 0 0 0 
0 0 0 0 0 1 0 0 0 0 
0 0 0 0 0 1 0 0 0 0 
0 0 0 0 0 1 0 0 0 0 
0 0 0 0 0 1 0 0 0 0 
0 0 0 0 0 1 0 0 0 0 
0 0 0 0 0 1 0 0 0 0 
0 0 0 0 0 1 0 0 0 0 
0 0 0 0 0 1 0 0 0 0 
0 0 0 0 0 1 0 0 0 0 
0 0 0 0 0 1 0 0 0 0 
0 0 0 0 0 0 1 0 0 0 
0 0 0 0 0 0 1 0 0 0 
0 0 0 0 0 0 1 0 0 0 
0 0 0 0 0 0 1 0 0 0 
0 0 0 0 0 0 1 0 0 0 
0 0 0 0 0 0 1 0 0 0 
0 0 0 0 0 0 1 0 0 0 
0 0 0 0 0 0 1 0 0 0 
0 0 0 0 0 0 1 0 0 0 
0 0 0 0 0 0 1 0 0 0 
0 0 0 0 0 0 0 1 0 0 
0 0 0 0 0 0 0 1 0 0 
0 0 0 0 0 0 0 1 0 0 
0 0 0 0 0 0 0 1 0 0 
0 0 0 0 0 0 0 1 0 0 
0 0 0 0 0 0 0 1 0 0 
0 0 0 0 0 0 0 1 0 0 
0 0 0 0 0 0 0 1 0 0 
0 0 0 0 0 0 0 1 0 0 
0 0 0 0 0 0 0 1 0 0 
0 0 0 0 0 0 0 0 1 0 
0 0 0 0 0 0 0 0 1 0 
0 0 0 0 0 0 0 0 1 0 
0 0 0 0 0 0 0 0 1 0 
0 0 0 0 0 0 0 0 1 0 
0 0 0 0 0 0 0 0 1 0 
0 0 0 0 0 0 0 0 1 0 
0 0 0 0 0 0 0 0 1 0 
0 0 0 0 0 0 0 0 1 0 
0 0 0 0 0 0 0 0 1 0 
0 0 0 0 0 0 0 0 0 1 
0 0 0 0 0 0 0 0 0 1 
0 0 0 0 0 0 0 0 0 1 
0 0 0 0 0 0 0 0 0 1 
0 0 0 0 0 0 0 0 0 1 
0 0 0 0 0 0 0 0 0 1 
0 0 0 0 0 0 0 0 0 1 
0 0 0 0 0 0 0 0 0 1 
0 0 0 0 0 0 0 0 0 1 
0 0 0 0 0 0 0 0 0 1 

