200 8 20 20 0.0021837 0.07426 10000000

1.06484 1.35878 1.21732 1.55384 1.43594 1.88932 1.73366 1.53625 
-0.0533408 0.0153673 0.377557 0.417748 0.42399 0.194223 0.351116 -0.284918 
-0.534987 -0.531923 -0.703471 -0.489033 -0.0573083 -0.122504 -0.713689 -0.79162 
-0.190177 0.155148 0.0483734 0.266069 0.305992 0.40382 0.232412 -0.18776 
0.361898 0.61214 0.5853 0.505508 1.47717 0.916176 0.818305 0.442241 
-1.26316 -0.202845 -0.981594 -1.38267 -0.2182 -0.665352 -0.23543 0.125518 
0.258869 -0.380864 0.445139 0.582623 0.139603 0.10396 -0.165245 -0.377451 
0.824575 0.552023 1.07415 1.15625 0.857285 1.0483 0.679622 0.960328 
0.375156 -0.00548911 0.589717 0.617507 0.553584 0.420803 0.0864258 0.0851171 
0.689761 0.448701 0.733037 0.976545 0.818099 0.907617 0.925077 0.436934 
0.701105 0.67943 1.02451 1.38973 0.82976 1.36046 1.23781 1.14733 
0.661593 0.749838 1.01252 0.905853 0.906446 0.7561 0.894935 0.547377 
-0.313104 0.301655 0.150627 0.235752 0.247984 0.302975 0.510919 0.236045 
-1.32671 -0.955955 -0.976598 -1.2861 -0.247325 -1.11996 -0.741482 -0.902144 
0.541442 -1.22056 0.628547 0.435403 -0.432887 -0.655082 -1.11959 -0.379892 
0.813491 -0.619365 0.975506 0.774833 -0.170323 -0.330931 -0.481382 -0.0322405 
0.310743 -0.28289 0.651999 0.542168 0.356707 0.181063 -0.0175447 0.275976 
-0.509352 -0.167967 0.00366646 -0.469732 0.196839 -0.534345 -0.0940557 -0.285079 
0.864543 -0.394069 0.794829 0.586596 -0.100594 -0.397568 -0.292419 -0.0273758 
-0.235284 -1.02403 0.166848 -0.145218 -0.2722 -0.931301 -0.803427 -0.915387 
-0.431968 -1.14171 -0.316331 -0.131247 -0.161452 -0.564199 -0.64072 -1.30512 
1.271 0.158499 1.45725 1.53435 1.1115 0.907776 0.698197 0.717761 
0.525573 -0.945349 0.217457 0.197607 0.16402 -0.557882 -0.683427 -1.13443 
-0.166689 -0.58345 -0.11627 -0.31694 0.30699 -0.47242 -0.382646 -0.912143 
0.989353 0.756972 0.727415 0.924984 1.33238 0.934934 1.0674 0.240217 
1.22156 0.843865 1.25967 1.39429 1.09315 1.17591 1.24289 1.09725 
0.0179626 0.780204 0.244052 0.0132876 1.09528 0.520624 0.82429 0.419756 
1.02737 2.68905 1.27295 0.918803 2.25976 1.80329 2.53652 1.77431 
1.44131 0.971445 1.32502 1.3704 0.553204 0.917381 0.906911 0.866654 
1.52882 0.445711 1.42689 1.41427 0.621828 0.621443 0.372725 0.765514 
0.402526 -0.737258 0.570907 0.559308 -0.0145519 -0.234848 -0.478842 -0.380532 
-1.3817 -1.35694 -1.03545 -1.20318 -0.620318 -1.05031 -0.8408 -0.46164 
-1.52373 -2.01019 -1.84095 -1.99247 -1.11569 -2.01767 -1.74864 -2.12774 
-0.331731 -0.469007 -0.525123 -0.381194 -0.166704 -0.188707 -0.638751 -0.589083 
1.61621 1.39614 1.78126 1.65432 1.3219 1.38298 1.40962 1.83879 
-0.322325 0.141802 0.0880065 0.0638524 -0.167746 -0.0899344 0.151898 -0.272973 
-1.66218 -2.28697 -1.39222 -1.85239 -1.36692 -2.46683 -2.00284 -1.99031 
0.020568 -0.836716 0.525383 0.237003 -0.406289 -0.702459 -0.617695 -0.483223 
0.324382 0.667261 0.711018 0.396533 0.732324 0.385451 0.795214 0.553104 
1.05526 1.91223 1.21532 1.59655 1.29576 2.01455 2.18858 1.66937 
-0.419323 -0.625437 -0.379492 -0.380757 -1.49965 -1.14039 -0.820708 -0.946982 
-1.38782 -1.1078 -1.8372 -1.97457 -1.88396 -1.8144 -1.67298 -1.39329 
-0.457481 0.0908692 -0.791615 -0.60394 -0.819575 -0.316465 -0.307008 -0.564815 
0.140935 -0.74498 0.182319 -0.00444957 -0.920947 -0.898516 -0.88656 -0.863428 
-1.28469 -1.28673 -0.775368 -1.14148 -1.60828 -1.24125 -1.21157 0.60953 
-1.41145 -1.5164 -0.991217 -1.51933 -1.52209 -1.71126 -1.59316 -0.148954 
-1.06796 -1.25027 -0.98691 -0.930231 -1.22532 -1.28414 -1.23974 -1.35725 
-1.14104 0.221663 -0.77803 -0.585767 -0.410689 -0.0155355 0.501681 0.217293 
-1.30471 -0.82671 -1.32433 -1.40925 -1.35208 -1.34551 -1.15617 -1.06763 
0.279626 -0.608261 0.681011 0.314141 -0.97051 -0.847741 -0.75848 -0.108015 
2.47804 3.37523 2.25494 2.97957 0.679216 3.06318 2.9684 3.2529 
0.365732 0.977608 0.145805 -0.0412937 -0.214801 -0.0492462 0.546758 0.234081 
0.999881 1.95033 0.832597 1.13141 0.309106 1.70264 1.28914 2.15224 
2.23589 1.7056 1.43817 1.61041 -0.0210547 1.07084 0.954074 1.08207 
1.29684 0.786896 0.670152 0.611039 -0.50465 0.209502 0.171672 0.538277 
-1.13358 -1.22536 -1.17245 -1.35496 -1.73139 -1.87356 -1.50198 -1.60524 
0.935802 0.402539 0.856931 0.604906 -0.306106 0.148117 -0.088329 1.00134 
2.50394 0.833472 1.71602 1.35184 -0.529857 -0.201121 0.0596569 0.516215 
1.25698 2.1115 1.4458 0.992367 1.03125 1.09138 1.64217 1.80478 
0.800285 0.417324 0.287164 0.398616 -0.346756 0.271424 0.35635 0.570667 
-0.907014 -1.0412 -1.73931 -1.48357 -1.17823 -1.24689 -1.26817 -1.88966 
-1.34275 -1.7121 -2.42052 -2.20876 -1.81945 -1.88714 -1.93665 -2.30182 
-0.460773 -1.69453 -0.564396 -0.118665 -0.835709 -0.79872 -1.53212 -1.68773 
-0.810953 0.228963 -1.05242 -0.574291 -0.909801 0.0395405 -0.362794 -0.231349 
-0.3088 0.0932473 -0.921679 -0.533347 -0.195779 0.10801 -0.130938 -0.511289 
-1.19615 -0.650558 -1.98234 -1.91174 -1.43873 -1.497 -0.894953 -1.65465 
-1.15417 -1.30998 -1.22139 -1.10375 -1.74902 -1.00161 -1.51623 -0.131394 
-0.903786 -1.17647 -0.627893 -0.132897 -1.58772 -0.0381517 -1.20977 0.920842 
-1.33809 -1.81231 -2.33563 -2.18562 -1.85575 -2.11458 -2.00857 -2.51793 
-0.489254 -1.51479 -1.22235 -1.09094 -1.18767 -1.54536 -1.59717 -2.13133 
1.22004 1.55958 1.18598 1.07834 1.78576 1.41876 1.65189 1.10937 
1.15905 0.930697 0.522223 0.302666 0.831996 0.513995 0.656122 0.0496153 
-0.230615 0.602128 -0.232929 0.0477002 0.42856 0.655636 0.571478 0.0169471 
-1.09259 0.0384603 -0.700947 -0.693232 0.129951 -0.0859577 0.221148 -0.111942 
-0.281329 0.598615 -0.0755142 0.563226 0.891781 1.44072 0.967971 0.45721 
-0.489666 -0.088636 -0.190045 -0.351133 0.0893587 -0.175476 -0.0356788 -0.258641 
-0.0929052 0.730571 0.408801 0.44675 0.422423 0.44918 0.897205 0.0508188 
-1.22162 -0.746117 -0.616821 -1.13247 -0.56044 -0.822185 -0.717121 0.66829 
-0.250566 -0.155544 0.224306 0.207035 0.45064 0.0953494 0.130133 -0.218813 
-0.0476096 -0.844677 0.662675 0.0735786 0.591719 -0.607958 -0.302761 -0.510006 
-1.19717 -0.0109823 -1.52639 -1.58384 -0.732389 -0.862978 -0.206531 -0.789621 
-0.6076 0.568488 -0.253267 -0.0713475 0.763801 0.662241 0.712033 0.121616 
-0.90127 0.325911 -1.25969 -1.10886 0.0889911 0.022636 -0.0338906 -0.358693 
-0.0797305 0.56701 -0.131907 0.147669 0.270224 0.603175 0.371139 0.00829988 
-0.342891 0.534309 -0.0733792 0.129933 0.786719 0.742266 0.587043 0.115748 
0.289032 0.79513 0.17744 0.405641 1.08203 1.0913 0.724286 0.4057 
0.607001 0.0999134 0.821702 0.599909 0.570971 0.312515 -0.0306443 0.462032 
-0.365437 -0.498233 -0.409532 -0.0314701 -0.302076 -0.117902 -0.267164 -0.844215 
-0.584 0.0743776 -0.3824 -0.0866337 0.346942 0.284706 0.418431 -0.321343 
-0.483024 0.151643 -0.576548 -0.552813 0.329397 -0.0119792 0.309321 -0.33502 
-0.259754 -0.100346 0.261929 0.403498 0.521307 0.32553 0.363936 -0.313081 
-1.46772 -1.78168 -1.35087 -1.46878 -0.824123 -1.50465 -1.34074 -1.37019 
-0.798615 0.335079 -0.797118 -0.476383 0.434107 0.549456 0.340969 0.016104 
-1.09906 -0.459386 -0.941196 -1.08528 -0.139203 -0.629535 -0.571694 -0.690235 
0.451637 -0.436837 0.816245 0.56658 0.400901 -0.026164 -0.344198 0.0658019 
-0.988693 0.87851 -0.428635 -0.776152 0.202685 0.143983 0.864523 1.06895 
-0.978264 -0.154272 -0.343182 -0.877622 -0.5078 -0.325435 -0.131091 1.63878 
0.271559 1.69016 0.43523 0.621048 2.00532 1.88096 1.8701 1.19813 
0.577636 -0.115304 1.32707 1.5386 0.623812 0.940197 0.525026 0.819021 
0.359683 0.37889 0.984629 0.778889 0.96263 0.620294 0.684914 0.620528 
-0.269474 -0.886867 -0.735708 -0.635306 -0.101776 -0.586292 -0.788579 -1.17228 
0.458491 -0.625492 0.282216 0.196665 -0.147892 -0.421782 -0.261023 -0.357203 
-0.976702 -1.54206 -1.16178 -1.07286 -0.667181 -1.28461 -1.27088 -1.96907 
0.975583 0.670612 0.595504 0.53662 0.734441 0.485704 0.50952 0.357878 
0.264431 0.455479 0.356577 -0.138 0.870735 -0.0689128 0.527079 0.00205409 
-0.0838075 -0.876352 -0.00354947 0.168248 -0.556717 -0.588623 -0.734119 -1.27006 
0.410582 -1.15026 0.184934 0.272036 -0.508206 -0.818015 -0.796364 -1.4082 
0.678868 0.398071 0.820341 0.562859 0.88232 0.389455 0.608947 0.294861 
-0.426479 -0.0107538 -0.192574 -0.14863 0.252469 -0.0269916 0.357302 -0.35027 
-1.20962 -0.280099 -1.37119 -1.88455 0.182293 -1.04016 -0.536206 -0.943995 
-0.27723 0.0401293 -0.106182 -0.247071 0.173514 -0.156341 0.271438 -0.216818 
-0.510919 -0.71926 -0.229115 -0.114016 -0.334184 -0.47968 -0.496018 -0.964738 
-1.16348 -0.74826 -1.27857 -1.075 -0.326951 -0.510331 -0.711925 -0.881235 
0.291209 0.555277 0.152351 0.276444 0.26297 0.542907 0.418329 0.309545 
0.517539 1.12464 0.918684 0.804661 1.30124 1.24466 1.11806 1.13474 
0.898038 1.21135 0.964586 1.04548 1.19637 1.35133 1.2875 1.20613 
0.385578 1.78368 0.329288 0.557802 1.14935 1.86798 1.20336 1.7642 
0.628341 1.05689 0.662148 0.700986 0.836 0.98377 0.875337 0.713914 
0.488685 -0.116678 0.674652 0.668487 -0.105091 0.0273051 -0.0135226 -0.00517833 
0.339579 0.315242 0.404177 0.635411 0.410146 0.709475 0.442075 0.445269 
0.571003 0.125414 0.267838 0.425849 0.307599 0.166724 0.284689 -0.526021 
-0.481909 0.837183 -0.585837 -0.617604 0.88106 0.60036 0.463932 0.371769 
1.38248 -0.444569 1.1203 0.909297 0.259556 0.0456464 -0.558002 0.662436 
0.0147576 0.399819 -0.0813481 0.14294 0.604738 0.535301 0.398268 -0.245335 
2.59827 1.72143 2.16065 2.07331 2.01538 2.12123 1.44433 2.70803 
0.300391 0.959585 0.48491 0.432509 1.43975 1.0084 1.15426 0.630416 
0.192518 1.06007 0.385166 0.561651 1.65769 1.38029 1.27131 0.471558 
1.13687 1.69072 1.12194 0.914823 2.09227 1.53628 1.75307 1.35574 
-0.318373 0.726565 -0.285274 -0.608634 1.08654 0.304961 0.476968 0.0494531 
0.252375 -0.142501 0.36594 0.667923 0.377142 0.467936 0.0113624 -0.130631 
0.646205 0.0426936 1.11461 0.864069 0.26658 0.118805 0.217779 0.281193 
1.30983 0.638444 1.21332 0.79753 0.212991 0.0796946 0.434245 0.864645 
2.59836 0.415379 1.96925 2.01561 -0.344412 0.39783 0.0577546 0.887731 
1.64498 -0.252587 0.970838 0.902981 -0.712828 -0.393202 -0.552272 -0.15365 
1.36921 -0.519215 1.08745 0.943144 -0.742868 -0.395265 -0.850307 0.192837 
2.15225 1.56208 2.57706 2.28031 0.885675 1.31285 1.60236 2.43509 
-0.374993 -0.569828 -0.11719 -0.583464 -0.423321 -1.06237 -0.53261 -0.887967 
0.901495 -0.203639 0.969246 0.392925 -0.604526 -0.713142 -0.615997 0.470515 
0.874082 0.109171 0.633297 0.493894 -0.536135 -0.278709 -0.272577 0.0316715 
-0.0870239 0.333711 0.515377 0.367506 -0.397992 -0.10072 0.281455 0.0780301 
-1.41432 -1.45224 -2.01068 -2.15892 -1.22756 -1.7744 -1.51484 -1.68801 
-1.19726 -1.11235 -1.24812 -1.01103 -0.809041 -0.941779 -1.00123 -1.36397 
-1.19611 -0.939505 -1.20248 -1.37701 -1.18869 -1.01334 -1.14998 -0.0636286 
0.336915 0.129844 0.300794 0.29917 0.476913 0.239557 0.334945 -0.0296701 
-1.33256 -1.32387 -1.37522 -1.0297 -1.26272 -0.930308 -1.14618 -0.930218 
-0.123624 0.293022 -0.329028 -0.041434 -0.305391 0.138945 -0.0659228 -0.326427 
-0.651702 -0.477983 -0.811412 -0.528249 -0.659628 -0.443723 -0.646897 -0.998979 
-1.14388 -0.215241 -1.20175 -0.914514 -0.531096 -0.372151 -0.145978 -0.708241 
-0.200516 -0.104806 -0.321078 0.0586606 -0.139901 0.0394661 0.0459925 -0.741009 
-0.318507 0.548672 -0.229035 -0.0876807 0.367409 0.286687 0.460022 -0.311517 
0.250102 1.12204 0.51657 0.590725 0.868759 0.979607 1.32663 0.680514 
-1.08249 0.706953 -1.27538 -1.06424 -0.130254 0.227361 0.580336 0.232728 
-0.21775 -0.804229 -0.0347445 0.185953 -0.531049 -0.241362 -0.902973 -0.495976 
-0.36131 -0.928031 -0.448092 -0.107436 -0.946422 -0.556889 -0.693964 -0.906141 
0.0850673 0.242693 0.0592509 0.376524 -0.0782722 0.500905 0.0656092 0.254239 
-0.0965974 0.574103 -0.30675 -0.0188543 0.228783 0.69204 0.271074 0.313495 
0.0111051 0.142892 0.101804 0.0404895 0.242002 0.109823 0.0733757 -0.156137 
0.285167 1.34121 0.456624 0.290504 1.19288 1.01405 1.10517 0.988538 
-0.431979 -0.45135 -0.429187 -0.0140957 -0.664291 -0.109602 -0.345019 -0.52242 
0.205038 -0.15978 0.208041 0.179654 0.0175011 -0.155691 -0.00699105 -0.259091 
-1.1357 -1.88466 -0.980232 -1.1074 -1.92881 -1.26715 -1.99415 0.335398 
-1.14724 -0.296207 -1.33554 -1.27604 -0.943977 -0.652214 -0.43078 -0.321118 
-1.3106 -1.64385 -2.01729 -1.78174 -1.9315 -1.91277 -1.78843 -2.18794 
-1.08332 0.053969 -0.925395 -0.865953 -0.816399 -0.291533 -0.00929537 0.351807 
-1.13238 -1.32471 -1.07485 -1.29418 -1.9091 -1.08784 -1.72682 0.784998 
-0.756699 -0.261078 -0.654913 -0.298449 -0.734871 -0.289551 -0.176031 -0.735601 
-1.29822 -0.145645 -1.60616 -1.83694 -0.749942 -0.971068 -0.133888 -0.44331 
-1.0347 -0.284282 -0.646581 -0.670181 -1.17545 -0.209615 -0.271826 1.3608 
-0.948001 1.02294 -0.608167 -0.0813268 0.0381253 0.830028 1.29847 0.642286 
-1.14783 -0.258434 -0.863158 -0.975572 -0.871279 -0.533967 -0.194709 0.470138 
-1.47209 -1.38164 -2.1247 -2.06397 -2.17057 -1.81012 -1.58225 -1.36155 
-1.27785 -1.26111 -1.46495 -1.41292 -1.96093 -1.1786 -1.5944 -0.157966 
-1.6069 -1.95212 -1.93413 -1.9042 -2.27323 -2.17754 -2.09057 -1.75436 
-0.534085 -1.38763 -0.731736 -0.788695 -1.45511 -1.42313 -1.55993 -1.35736 
-0.331553 0.866102 -0.210443 0.150513 -0.580303 0.321121 0.577329 0.0895014 
-1.20103 -1.11052 -0.732049 -1.18809 -1.72907 -1.22004 -1.22263 0.958636 
-1.13918 -0.402126 -0.979707 -0.925647 -1.75603 -0.670634 -0.607423 0.63407 
-0.706159 -0.713634 -0.704901 -0.313024 -1.43589 -0.791293 -0.849151 -1.01195 
-1.41494 -1.43054 -1.45888 -1.32012 -1.82689 -1.51242 -1.65685 -1.29087 
-1.41798 -1.11548 -1.69359 -1.50042 -1.59538 -1.4304 -1.0328 -1.38732 
1.23709 0.294357 1.28275 1.09793 1.02003 1.05656 0.0764104 1.6208 
0.949779 0.961209 0.856848 0.675218 1.44106 1.04173 1.01686 1.01421 
0.165747 -0.650598 0.159608 0.0750899 0.231821 -0.260868 -0.59429 -0.435461 
0.53405 0.241492 0.23859 0.197569 0.962757 0.415742 0.12387 -0.158627 
1.20852 2.61761 1.78096 1.89144 2.49513 2.73966 2.99395 2.64077 
0.381451 1.93679 0.574189 0.174329 1.86312 1.14261 1.85648 0.649008 
0.147716 2.60387 0.621959 0.955235 2.89152 2.99316 2.89442 2.35313 
-0.888103 1.02625 -0.696428 -0.933012 1.00979 0.536551 0.641177 0.645845 
-1.36442 -1.20475 -0.969099 -1.36237 -0.668378 -1.26152 -1.14424 -0.471119 
0.347135 0.904022 0.438741 0.585979 1.07905 1.32152 0.744445 0.899292 
1.05338 0.134704 0.546453 0.503255 0.484572 0.198794 0.129454 0.135869 
1.77861 -0.35454 1.65176 1.32895 1.03328 0.203114 -0.0616629 0.316618 
1.3973 -0.395311 0.892028 0.704002 0.168848 -0.0480522 -0.464456 0.320272 
1.74442 1.17188 1.23943 0.811709 1.23109 0.779002 0.652208 0.942934 
0.709339 -0.611861 0.432079 0.287612 0.448481 -0.459223 -0.180564 -1.08018 
1.06929 0.139769 0.741523 1.20221 0.90242 0.731953 0.69789 -0.510215 
2.36394 1.31799 2.00699 2.09353 1.04254 1.30891 1.56716 1.44911 
1.78664 0.509686 0.859589 0.742604 0.611534 0.441011 0.244536 0.19431 
2.06948 0.8795 1.26192 1.61703 0.882909 1.18147 1.00549 0.7564 
1.38519 -0.930209 0.914623 0.759146 -0.332626 -0.691928 -0.92442 -0.559828 

1 0 0 0 0 0 0 0 0 0 0 0 0 0 0 0 0 0 0 0 
1 0 0 0 0 0 0 0 0 0 0 0 0 0 0 0 0 0 0 0 
1 0 0 0 0 0 0 0 0 0 0 0 0 0 0 0 0 0 0 0 
1 0 0 0 0 0 0 0 0 0 0 0 0 0 0 0 0 0 0 0 
1 0 0 0 0 0 0 0 0 0 0 0 0 0 0 0 0 0 0 0 
1 0 0 0 0 0 0 0 0 0 0 0 0 0 0 0 0 0 0 0 
1 0 0 0 0 0 0 0 0 0 0 0 0 0 0 0 0 0 0 0 
1 0 0 0 0 0 0 0 0 0 0 0 0 0 0 0 0 0 0 0 
1 0 0 0 0 0 0 0 0 0 0 0 0 0 0 0 0 0 0 0 
1 0 0 0 0 0 0 0 0 0 0 0 0 0 0 0 0 0 0 0 
0 1 0 0 0 0 0 0 0 0 0 0 0 0 0 0 0 0 0 0 
0 1 0 0 0 0 0 0 0 0 0 0 0 0 0 0 0 0 0 0 
0 1 0 0 0 0 0 0 0 0 0 0 0 0 0 0 0 0 0 0 
0 1 0 0 0 0 0 0 0 0 0 0 0 0 0 0 0 0 0 0 
0 1 0 0 0 0 0 0 0 0 0 0 0 0 0 0 0 0 0 0 
0 1 0 0 0 0 0 0 0 0 0 0 0 0 0 0 0 0 0 0 
0 1 0 0 0 0 0 0 0 0 0 0 0 0 0 0 0 0 0 0 
0 1 0 0 0 0 0 0 0 0 0 0 0 0 0 0 0 0 0 0 
0 1 0 0 0 0 0 0 0 0 0 0 0 0 0 0 0 0 0 0 
0 1 0 0 0 0 0 0 0 0 0 0 0 0 0 0 0 0 0 0 
0 0 1 0 0 0 0 0 0 0 0 0 0 0 0 0 0 0 0 0 
0 0 1 0 0 0 0 0 0 0 0 0 0 0 0 0 0 0 0 0 
0 0 1 0 0 0 0 0 0 0 0 0 0 0 0 0 0 0 0 0 
0 0 1 0 0 0 0 0 0 0 0 0 0 0 0 0 0 0 0 0 
0 0 1 0 0 0 0 0 0 0 0 0 0 0 0 0 0 0 0 0 
0 0 1 0 0 0 0 0 0 0 0 0 0 0 0 0 0 0 0 0 
0 0 1 0 0 0 0 0 0 0 0 0 0 0 0 0 0 0 0 0 
0 0 1 0 0 0 0 0 0 0 0 0 0 0 0 0 0 0 0 0 
0 0 1 0 0 0 0 0 0 0 0 0 0 0 0 0 0 0 0 0 
0 0 1 0 0 0 0 0 0 0 0 0 0 0 0 0 0 0 0 0 
0 0 0 1 0 0 0 0 0 0 0 0 0 0 0 0 0 0 0 0 
0 0 0 1 0 0 0 0 0 0 0 0 0 0 0 0 0 0 0 0 
0 0 0 1 0 0 0 0 0 0 0 0 0 0 0 0 0 0 0 0 
0 0 0 1 0 0 0 0 0 0 0 0 0 0 0 0 0 0 0 0 
0 0 0 1 0 0 0 0 0 0 0 0 0 0 0 0 0 0 0 0 
0 0 0 1 0 0 0 0 0 0 0 0 0 0 0 0 0 0 0 0 
0 0 0 1 0 0 0 0 0 0 0 0 0 0 0 0 0 0 0 0 
0 0 0 1 0 0 0 0 0 0 0 0 0 0 0 0 0 0 0 0 
0 0 0 1 0 0 0 0 0 0 0 0 0 0 0 0 0 0 0 0 
0 0 0 1 0 0 0 0 0 0 0 0 0 0 0 0 0 0 0 0 
0 0 0 0 1 0 0 0 0 0 0 0 0 0 0 0 0 0 0 0 
0 0 0 0 1 0 0 0 0 0 0 0 0 0 0 0 0 0 0 0 
0 0 0 0 1 0 0 0 0 0 0 0 0 0 0 0 0 0 0 0 
0 0 0 0 1 0 0 0 0 0 0 0 0 0 0 0 0 0 0 0 
0 0 0 0 1 0 0 0 0 0 0 0 0 0 0 0 0 0 0 0 
0 0 0 0 1 0 0 0 0 0 0 0 0 0 0 0 0 0 0 0 
0 0 0 0 1 0 0 0 0 0 0 0 0 0 0 0 0 0 0 0 
0 0 0 0 1 0 0 0 0 0 0 0 0 0 0 0 0 0 0 0 
0 0 0 0 1 0 0 0 0 0 0 0 0 0 0 0 0 0 0 0 
0 0 0 0 1 0 0 0 0 0 0 0 0 0 0 0 0 0 0 0 
0 0 0 0 0 1 0 0 0 0 0 0 0 0 0 0 0 0 0 0 
0 0 0 0 0 1 0 0 0 0 0 0 0 0 0 0 0 0 0 0 
0 0 0 0 0 1 0 0 0 0 0 0 0 0 0 0 0 0 0 0 
0 0 0 0 0 1 0 0 0 0 0 0 0 0 0 0 0 0 0 0 
0 0 0 0 0 1 0 0 0 0 0 0 0 0 0 0 0 0 0 0 
0 0 0 0 0 1 0 0 0 0 0 0 0 0 0 0 0 0 0 0 
0 0 0 0 0 1 0 0 0 0 0 0 0 0 0 0 0 0 0 0 
0 0 0 0 0 1 0 0 0 0 0 0 0 0 0 0 0 0 0 0 
0 0 0 0 0 1 0 0 0 0 0 0 0 0 0 0 0 0 0 0 
0 0 0 0 0 1 0 0 0 0 0 0 0 0 0 0 0 0 0 0 
0 0 0 0 0 0 1 0 0 0 0 0 0 0 0 0 0 0 0 0 
0 0 0 0 0 0 1 0 0 0 0 0 0 0 0 0 0 0 0 0 
0 0 0 0 0 0 1 0 0 0 0 0 0 0 0 0 0 0 0 0 
0 0 0 0 0 0 1 0 0 0 0 0 0 0 0 0 0 0 0 0 
0 0 0 0 0 0 1 0 0 0 0 0 0 0 0 0 0 0 0 0 
0 0 0 0 0 0 1 0 0 0 0 0 0 0 0 0 0 0 0 0 
0 0 0 0 0 0 1 0 0 0 0 0 0 0 0 0 0 0 0 0 
0 0 0 0 0 0 1 0 0 0 0 0 0 0 0 0 0 0 0 0 
0 0 0 0 0 0 1 0 0 0 0 0 0 0 0 0 0 0 0 0 
0 0 0 0 0 0 1 0 0 0 0 0 0 0 0 0 0 0 0 0 
0 0 0 0 0 0 0 1 0 0 0 0 0 0 0 0 0 0 0 0 
0 0 0 0 0 0 0 1 0 0 0 0 0 0 0 0 0 0 0 0 
0 0 0 0 0 0 0 1 0 0 0 0 0 0 0 0 0 0 0 0 
0 0 0 0 0 0 0 1 0 0 0 0 0 0 0 0 0 0 0 0 
0 0 0 0 0 0 0 1 0 0 0 0 0 0 0 0 0 0 0 0 
0 0 0 0 0 0 0 1 0 0 0 0 0 0 0 0 0 0 0 0 
0 0 0 0 0 0 0 1 0 0 0 0 0 0 0 0 0 0 0 0 
0 0 0 0 0 0 0 1 0 0 0 0 0 0 0 0 0 0 0 0 
0 0 0 0 0 0 0 1 0 0 0 0 0 0 0 0 0 0 0 0 
0 0 0 0 0 0 0 1 0 0 0 0 0 0 0 0 0 0 0 0 
0 0 0 0 0 0 0 0 1 0 0 0 0 0 0 0 0 0 0 0 
0 0 0 0 0 0 0 0 1 0 0 0 0 0 0 0 0 0 0 0 
0 0 0 0 0 0 0 0 1 0 0 0 0 0 0 0 0 0 0 0 
0 0 0 0 0 0 0 0 1 0 0 0 0 0 0 0 0 0 0 0 
0 0 0 0 0 0 0 0 1 0 0 0 0 0 0 0 0 0 0 0 
0 0 0 0 0 0 0 0 1 0 0 0 0 0 0 0 0 0 0 0 
0 0 0 0 0 0 0 0 1 0 0 0 0 0 0 0 0 0 0 0 
0 0 0 0 0 0 0 0 1 0 0 0 0 0 0 0 0 0 0 0 
0 0 0 0 0 0 0 0 1 0 0 0 0 0 0 0 0 0 0 0 
0 0 0 0 0 0 0 0 1 0 0 0 0 0 0 0 0 0 0 0 
0 0 0 0 0 0 0 0 0 1 0 0 0 0 0 0 0 0 0 0 
0 0 0 0 0 0 0 0 0 1 0 0 0 0 0 0 0 0 0 0 
0 0 0 0 0 0 0 0 0 1 0 0 0 0 0 0 0 0 0 0 
0 0 0 0 0 0 0 0 0 1 0 0 0 0 0 0 0 0 0 0 
0 0 0 0 0 0 0 0 0 1 0 0 0 0 0 0 0 0 0 0 
0 0 0 0 0 0 0 0 0 1 0 0 0 0 0 0 0 0 0 0 
0 0 0 0 0 0 0 0 0 1 0 0 0 0 0 0 0 0 0 0 
0 0 0 0 0 0 0 0 0 1 0 0 0 0 0 0 0 0 0 0 
0 0 0 0 0 0 0 0 0 1 0 0 0 0 0 0 0 0 0 0 
0 0 0 0 0 0 0 0 0 1 0 0 0 0 0 0 0 0 0 0 
0 0 0 0 0 0 0 0 0 0 1 0 0 0 0 0 0 0 0 0 
0 0 0 0 0 0 0 0 0 0 1 0 0 0 0 0 0 0 0 0 
0 0 0 0 0 0 0 0 0 0 1 0 0 0 0 0 0 0 0 0 
0 0 0 0 0 0 0 0 0 0 1 0 0 0 0 0 0 0 0 0 
0 0 0 0 0 0 0 0 0 0 1 0 0 0 0 0 0 0 0 0 
0 0 0 0 0 0 0 0 0 0 1 0 0 0 0 0 0 0 0 0 
0 0 0 0 0 0 0 0 0 0 1 0 0 0 0 0 0 0 0 0 
0 0 0 0 0 0 0 0 0 0 1 0 0 0 0 0 0 0 0 0 
0 0 0 0 0 0 0 0 0 0 1 0 0 0 0 0 0 0 0 0 
0 0 0 0 0 0 0 0 0 0 1 0 0 0 0 0 0 0 0 0 
0 0 0 0 0 0 0 0 0 0 0 1 0 0 0 0 0 0 0 0 
0 0 0 0 0 0 0 0 0 0 0 1 0 0 0 0 0 0 0 0 
0 0 0 0 0 0 0 0 0 0 0 1 0 0 0 0 0 0 0 0 
0 0 0 0 0 0 0 0 0 0 0 1 0 0 0 0 0 0 0 0 
0 0 0 0 0 0 0 0 0 0 0 1 0 0 0 0 0 0 0 0 
0 0 0 0 0 0 0 0 0 0 0 1 0 0 0 0 0 0 0 0 
0 0 0 0 0 0 0 0 0 0 0 1 0 0 0 0 0 0 0 0 
0 0 0 0 0 0 0 0 0 0 0 1 0 0 0 0 0 0 0 0 
0 0 0 0 0 0 0 0 0 0 0 1 0 0 0 0 0 0 0 0 
0 0 0 0 0 0 0 0 0 0 0 1 0 0 0 0 0 0 0 0 
0 0 0 0 0 0 0 0 0 0 0 0 1 0 0 0 0 0 0 0 
0 0 0 0 0 0 0 0 0 0 0 0 1 0 0 0 0 0 0 0 
0 0 0 0 0 0 0 0 0 0 0 0 1 0 0 0 0 0 0 0 
0 0 0 0 0 0 0 0 0 0 0 0 1 0 0 0 0 0 0 0 
0 0 0 0 0 0 0 0 0 0 0 0 1 0 0 0 0 0 0 0 
0 0 0 0 0 0 0 0 0 0 0 0 1 0 0 0 0 0 0 0 
0 0 0 0 0 0 0 0 0 0 0 0 1 0 0 0 0 0 0 0 
0 0 0 0 0 0 0 0 0 0 0 0 1 0 0 0 0 0 0 0 
0 0 0 0 0 0 0 0 0 0 0 0 1 0 0 0 0 0 0 0 
0 0 0 0 0 0 0 0 0 0 0 0 1 0 0 0 0 0 0 0 
0 0 0 0 0 0 0 0 0 0 0 0 0 1 0 0 0 0 0 0 
0 0 0 0 0 0 0 0 0 0 0 0 0 1 0 0 0 0 0 0 
0 0 0 0 0 0 0 0 0 0 0 0 0 1 0 0 0 0 0 0 
0 0 0 0 0 0 0 0 0 0 0 0 0 1 0 0 0 0 0 0 
0 0 0 0 0 0 0 0 0 0 0 0 0 1 0 0 0 0 0 0 
0 0 0 0 0 0 0 0 0 0 0 0 0 1 0 0 0 0 0 0 
0 0 0 0 0 0 0 0 0 0 0 0 0 1 0 0 0 0 0 0 
0 0 0 0 0 0 0 0 0 0 0 0 0 1 0 0 0 0 0 0 
0 0 0 0 0 0 0 0 0 0 0 0 0 1 0 0 0 0 0 0 
0 0 0 0 0 0 0 0 0 0 0 0 0 1 0 0 0 0 0 0 
0 0 0 0 0 0 0 0 0 0 0 0 0 0 1 0 0 0 0 0 
0 0 0 0 0 0 0 0 0 0 0 0 0 0 1 0 0 0 0 0 
0 0 0 0 0 0 0 0 0 0 0 0 0 0 1 0 0 0 0 0 
0 0 0 0 0 0 0 0 0 0 0 0 0 0 1 0 0 0 0 0 
0 0 0 0 0 0 0 0 0 0 0 0 0 0 1 0 0 0 0 0 
0 0 0 0 0 0 0 0 0 0 0 0 0 0 1 0 0 0 0 0 
0 0 0 0 0 0 0 0 0 0 0 0 0 0 1 0 0 0 0 0 
0 0 0 0 0 0 0 0 0 0 0 0 0 0 1 0 0 0 0 0 
0 0 0 0 0 0 0 0 0 0 0 0 0 0 1 0 0 0 0 0 
0 0 0 0 0 0 0 0 0 0 0 0 0 0 1 0 0 0 0 0 
0 0 0 0 0 0 0 0 0 0 0 0 0 0 0 1 0 0 0 0 
0 0 0 0 0 0 0 0 0 0 0 0 0 0 0 1 0 0 0 0 
0 0 0 0 0 0 0 0 0 0 0 0 0 0 0 1 0 0 0 0 
0 0 0 0 0 0 0 0 0 0 0 0 0 0 0 1 0 0 0 0 
0 0 0 0 0 0 0 0 0 0 0 0 0 0 0 1 0 0 0 0 
0 0 0 0 0 0 0 0 0 0 0 0 0 0 0 1 0 0 0 0 
0 0 0 0 0 0 0 0 0 0 0 0 0 0 0 1 0 0 0 0 
0 0 0 0 0 0 0 0 0 0 0 0 0 0 0 1 0 0 0 0 
0 0 0 0 0 0 0 0 0 0 0 0 0 0 0 1 0 0 0 0 
0 0 0 0 0 0 0 0 0 0 0 0 0 0 0 1 0 0 0 0 
0 0 0 0 0 0 0 0 0 0 0 0 0 0 0 0 1 0 0 0 
0 0 0 0 0 0 0 0 0 0 0 0 0 0 0 0 1 0 0 0 
0 0 0 0 0 0 0 0 0 0 0 0 0 0 0 0 1 0 0 0 
0 0 0 0 0 0 0 0 0 0 0 0 0 0 0 0 1 0 0 0 
0 0 0 0 0 0 0 0 0 0 0 0 0 0 0 0 1 0 0 0 
0 0 0 0 0 0 0 0 0 0 0 0 0 0 0 0 1 0 0 0 
0 0 0 0 0 0 0 0 0 0 0 0 0 0 0 0 1 0 0 0 
0 0 0 0 0 0 0 0 0 0 0 0 0 0 0 0 1 0 0 0 
0 0 0 0 0 0 0 0 0 0 0 0 0 0 0 0 1 0 0 0 
0 0 0 0 0 0 0 0 0 0 0 0 0 0 0 0 1 0 0 0 
0 0 0 0 0 0 0 0 0 0 0 0 0 0 0 0 0 1 0 0 
0 0 0 0 0 0 0 0 0 0 0 0 0 0 0 0 0 1 0 0 
0 0 0 0 0 0 0 0 0 0 0 0 0 0 0 0 0 1 0 0 
0 0 0 0 0 0 0 0 0 0 0 0 0 0 0 0 0 1 0 0 
0 0 0 0 0 0 0 0 0 0 0 0 0 0 0 0 0 1 0 0 
0 0 0 0 0 0 0 0 0 0 0 0 0 0 0 0 0 1 0 0 
0 0 0 0 0 0 0 0 0 0 0 0 0 0 0 0 0 1 0 0 
0 0 0 0 0 0 0 0 0 0 0 0 0 0 0 0 0 1 0 0 
0 0 0 0 0 0 0 0 0 0 0 0 0 0 0 0 0 1 0 0 
0 0 0 0 0 0 0 0 0 0 0 0 0 0 0 0 0 1 0 0 
0 0 0 0 0 0 0 0 0 0 0 0 0 0 0 0 0 0 1 0 
0 0 0 0 0 0 0 0 0 0 0 0 0 0 0 0 0 0 1 0 
0 0 0 0 0 0 0 0 0 0 0 0 0 0 0 0 0 0 1 0 
0 0 0 0 0 0 0 0 0 0 0 0 0 0 0 0 0 0 1 0 
0 0 0 0 0 0 0 0 0 0 0 0 0 0 0 0 0 0 1 0 
0 0 0 0 0 0 0 0 0 0 0 0 0 0 0 0 0 0 1 0 
0 0 0 0 0 0 0 0 0 0 0 0 0 0 0 0 0 0 1 0 
0 0 0 0 0 0 0 0 0 0 0 0 0 0 0 0 0 0 1 0 
0 0 0 0 0 0 0 0 0 0 0 0 0 0 0 0 0 0 1 0 
0 0 0 0 0 0 0 0 0 0 0 0 0 0 0 0 0 0 1 0 
0 0 0 0 0 0 0 0 0 0 0 0 0 0 0 0 0 0 0 1 
0 0 0 0 0 0 0 0 0 0 0 0 0 0 0 0 0 0 0 1 
0 0 0 0 0 0 0 0 0 0 0 0 0 0 0 0 0 0 0 1 
0 0 0 0 0 0 0 0 0 0 0 0 0 0 0 0 0 0 0 1 
0 0 0 0 0 0 0 0 0 0 0 0 0 0 0 0 0 0 0 1 
0 0 0 0 0 0 0 0 0 0 0 0 0 0 0 0 0 0 0 1 
0 0 0 0 0 0 0 0 0 0 0 0 0 0 0 0 0 0 0 1 
0 0 0 0 0 0 0 0 0 0 0 0 0 0 0 0 0 0 0 1 
0 0 0 0 0 0 0 0 0 0 0 0 0 0 0 0 0 0 0 1 
0 0 0 0 0 0 0 0 0 0 0 0 0 0 0 0 0 0 0 1 

7.34619 2.84115 20.4704 10.8885 17.4692 7.94695 -11.6147 -10.6731 14.0411 -9.01466 -18.015 -6.14031 -15.4414 -9.98988 -8.08067 -0.601897 -11.5195 4.99467 14.9404 -14.6857 
-4.665 25.9804 -4.23267 5.52191 -4.64973 1.4149 -7.37414 24.1449 -17.3289 9.73645 17.0725 -25.7433 -2.14152 7.79375 18.8608 2.67243 -11.8428 9.7008 -5.55844 -46.5184 
-11.4118 1.83392 9.0085 -24.1681 9.23876 19.6089 -13.2962 7.71903 11.3179 -3.68789 5.73198 8.85987 12.2645 13.3208 -11.7677 -8.59613 -24.8808 1.70137 -15.1345 -13.42 
-9.40155 -7.85056 4.67674 6.01635 -14.7005 0.16428 -17.5243 -12.2277 7.78203 -9.80159 32.4926 32.5547 -13.9587 -3.49303 -19.3037 -13.963 8.35418 -11.1528 21.1409 18.9073 
1.27489 -12.979 9.9986 8.841 -27.5444 -23.5072 7.78214 -3.76981 2.36621 4.05672 5.26473 0.939919 -7.65934 4.26921 -1.8461 15.0656 -18.1899 14.2262 7.45355 12.72 
14.4724 18.5423 9.74028 8.7153 4.88417 -28.513 -18.7461 20.7379 1.09019 14.543 -16.3087 -3.58787 34.7492 -25.0196 14.7925 5.70747 33.5304 -12.1527 10.5181 24.4619 
7.98932 0.900958 5.8982 -3.12235 17.3058 18.6556 21.8222 -2.56034 8.77123 16.2882 -28.9116 -25.5843 -1.67764 -21.4948 4.94645 38.7786 -0.754579 -33.3805 -10.1328 -1.02247 
-18.5479 4.32039 0.0826081 13.7626 -12.2149 -6.65908 11.7802 4.27506 16.5931 -10.3386 11.1526 3.51719 -25.7066 18.4409 15.1757 -28.4884 8.60627 28.1084 -21.3952 -2.87164 
-6.10985 18.5988 -17.2214 6.13109 23.2602 8.83615 8.24129 -26.3511 -3.77598 -12.6254 -0.150082 -2.38895 -9.13189 -0.780705 -23.0451 -10.6707 7.94062 -0.305347 -2.41453 9.73788 

-18.5551 -37.3823 -8.55074 -18.3085 -24.2463 -18.9674 3.40652 -43.4936 -31.4819 -22.4796 -30.741 -14.9625 11.5019 -2.41628 -10.6751 -6.47211 -11.2627 -10.0353 -9.93047 -20.1205 
-16.6695 1.08959 -16.0003 -27.636 8.81609 -11.5153 4.68766 9.14813 27.3483 -35.1299 -24.0059 -34.4718 8.20724 -32.7267 6.33583 15.9951 -15.1672 -20.265 -15.3238 8.12632 
-20.6606 16.8444 -16.6339 -27.7918 -30.3574 0.448035 -11.521 -24.5124 -21.3463 8.30866 -27.7151 -10.0574 46.4056 1.26426 1.92007 9.31315 13.5597 -1.65557 9.77646 12.2507 
-17.0063 13.944 -6.41798 -2.97768 23.3007 -12.5941 -9.52392 -6.43994 -12.6515 -5.24282 25.7632 -2.28897 14.9224 5.15659 0.316491 14.7414 -33.4264 1.67508 -5.31145 -18.7088 
-13.0721 -7.29988 16.7621 25.8342 -9.97111 0.816414 -7.38238 13.368 21.4356 -19.231 -10.5784 14.6515 -28.078 5.95932 -24.5007 9.49043 -41.5725 -20.1257 -0.928044 -15.9543 
2.2985 9.00565 -30.7606 32.9774 4.06878 31.7024 -10.3041 19.0837 15.1293 -17.4574 19.1195 -3.45206 -24.5688 -13.2275 12.5684 -16.4798 -4.16332 -21.5815 -3.68525 -20.8164 
-19.4506 -28.2638 -5.28562 0.64975 11.3137 7.30827 -4.92733 14.1986 -11.1943 1.76883 -27.4868 17.3561 -25.9583 -18.0209 4.63724 5.11891 0.240206 -3.14086 1.14867 -12.9556 
-12.2871 -5.7303 -18.8925 -9.38358 -14.0611 -21.2256 15.793 -3.62678 -30.7884 -0.0205331 -4.22423 -16.0268 -20.4536 -5.30761 -6.36504 12.016 5.4721 22.9169 2.94703 -2.83974 
9.54167 18.6513 22.4434 -48.077 -6.60277 13.5571 7.75066 1.90534 -26.3075 -25.7565 18.8522 -28.3744 23.9084 -20.6433 12.1505 6.17552 -23.9183 -3.79165 -17.9766 28.5107 
26.9982 -20.4707 6.20256 -18.0144 -20.8514 -11.1485 -19.6768 14.1753 18.881 9.66373 -14.0642 13.3732 -19.4376 -4.06739 -7.13228 -3.13388 48.0204 -20.9358 -12.3023 -7.97666 
18.4643 -38.5486 -10.1603 32.9686 -2.14169 -16.0496 0.411321 -4.34264 -14.9971 2.88367 -16.6755 -26.3479 10.5085 -6.02793 -12.3823 -30.9742 -15.9901 -2.62952 35.7906 23.3337 
-29.4796 -18.3987 -11.5907 14.6549 10.5432 15.8485 -13.0282 28.2793 16.267 3.11177 3.30305 -12.694 -14.8271 -17.2844 -13.4338 -31.5224 -8.8731 -23.81 -10.4496 26.3812 
-4.37626 5.13196 -21.2266 7.27039 -13.3026 -5.79627 -23.2033 41.1244 -27.7506 31.6827 5.74855 17.0413 -9.32731 7.92969 -14.5343 -25.0064 3.2425 6.63624 -16.5448 -22.6873 
18.9213 15.2538 25.0497 17.663 18.1054 -23.4603 1.17053 -23.9582 10.4149 11.3447 -15.2775 0.613416 5.72646 0.152759 -19.7285 -17.7494 7.91693 -1.1083 30.1648 -7.86054 
-16.9134 -25.843 -28.8065 -32.6886 11.6805 26.2665 23.4743 -35.1225 -2.53451 -1.25075 -16.6508 -28.7834 -11.2066 20.347 -38.856 -20.7536 12.6421 25.4758 -4.6233 -1.99325 
-14.4868 -41.1499 -32.2181 -12.6574 -41.9689 -16.1924 11.5261 19.1175 7.40476 30.5471 30.4293 3.5607 6.29365 -3.77575 13.6333 -23.7971 13.6276 -1.88562 -28.5825 -1.58339 
11.4142 15.9349 12.6023 -16.5577 -9.29859 -12.2152 22.5158 -3.14451 14.8163 10.5657 -11.5733 29.0189 -7.32206 -0.881156 -13.42 -20.3216 7.93424 -4.90827 -18.0819 -20.3592 
-36.1562 -19.3048 20.3366 2.7447 -38.8404 -10.8829 -20.3121 -2.69893 16.1783 6.48655 -4.55719 28.3755 -34.1047 -5.82817 -22.7918 -0.686019 -40.8528 -2.94862 33.294 -14.0835 
2.2113 20.2689 19.5507 13.276 1.29945 -10.4878 -21.0466 -19.8991 0.255308 -20.8179 -4.23611 -5.84215 -31.5451 2.48877 13.0252 -2.67414 -26.9669 13.2045 -14.3328 -1.87998 
24.2042 14.9951 -4.06041 -2.53855 -6.56679 -10.8372 -17.305 -41.8975 -35.3703 4.55544 26.2248 -7.75107 -27.8668 10.0134 9.80371 1.46265 23.3701 0.8058 10.9789 4.64883 
32.5913 23.2592 1.03001 -28.698 29.8958 -15.2989 3.96812 9.20319 -19.7778 18.7214 -9.72014 -45.2297 2.91077 -5.5692 -7.10004 -10.4385 5.47246 -21.8462 -16.6923 -8.06274 

6.2e-08 1.045e-07 1.808e-07 -1.6775e-07 -1.76e-07 9e-08 -2.15e-08 3.1495e-07 
2.3051 1.96966 1.21889 1.3266 1.3413 1.51078 1.66084 0.967619 
