200 18 20 20 0.0021837 0.07426 10000000

341.407 0.00554683 1050 124.576 329.709 96.5737 279.984 0.820089 0.643905 0.318505 0.648142 0.216047 42.1163 4.14965 9.85284 0.62516 1.48437 0.102239 
224.622 0.00664248 1102.5 123.184 252.897 112.587 98.166 0.437027 1.53359 0.0477924 0.16386 0.0546199 40.4714 2.90492 7.17773 0.534813 1.32146 0.0415524 
228.621 0.00580911 848.077 130.473 196.279 85.8532 41.7589 0.182655 4.12232 0.0281918 0.0854862 0.0284954 40.6932 4.14892 10.1956 0.241704 0.593967 0.022062 
221.63 0.00653061 1002.27 118.548 223.062 100.646 60.0021 0.270731 2.55199 0.0965517 0.176523 0.0588411 38.9971 3.85337 9.88117 0.439065 1.12589 0.0526877 
263.934 0.00630385 1102.5 113.66 272.85 103.378 150.864 0.571596 1.0515 0.16211 0.283192 0.0943972 45.1687 4.70247 10.4109 0.512189 1.13395 0.0435117 
127.401 0.00797361 143.182 88.9113 14.3223 11.2419 6.10239 0.047899 20.5515 0.0221008 0.0581409 0.0193803 38.5159 3.42593 8.89485 0.440554 1.14382 0.0520793 
282.912 0.00635525 1002.27 119.837 312.092 110.314 141.605 0.500526 1.11119 0.196955 0.478116 0.159372 41.1969 2.79097 6.7747 0.338597 0.821899 0.0417023 
306.051 0.00632056 1102.5 121.823 347.186 113.441 242.174 0.791288 0.653305 0.236017 0.54996 0.18332 40.3976 3.84503 9.51798 0.465031 1.15114 0.0590819 
272.076 0.00639607 1102.5 120.492 316.946 116.492 157.623 0.579333 0.991899 0.148083 0.405426 0.135142 41.2262 3.65744 8.87162 0.387165 0.939123 0.0348507 
290.122 0.00606387 1002.27 95.0431 298.876 103.017 214.058 0.737821 0.770404 0.337825 0.708802 0.236267 42.8898 3.19146 7.44106 0.462805 1.07906 0.0887276 

229.964 0.00702599 1002.27 86.1328 244.817 106.459 206.979 0.900048 0.687648 0.356736 0.72646 0.242153 40.3707 3.31814 8.21918 0.45079 1.11663 0.12254 
281.76 0.00660998 1002.27 106.522 324.724 115.249 177.918 0.631452 0.850317 0.336535 0.526244 0.175415 40.3529 3.66531 9.08316 0.592219 1.4676 0.0531549 
153.503 0.00763794 416.038 111.929 87.3643 56.9137 80.3356 0.523349 1.62973 0.273132 0.584859 0.194953 39.0871 2.85629 7.30749 0.524807 1.34266 0.0806379 
117.958 0.00872638 148.986 83.2075 19.6166 16.6301 13.2779 0.112564 8.63054 0.0571676 0.233348 0.0777826 42.4153 2.53901 5.98606 0.289231 0.681902 0.0453565 
296.32 0.00652649 1050 123.876 355.296 119.903 278.755 0.940724 0.549664 0.160022 0.614586 0.204862 40.3828 1.62864 4.03301 0.206728 0.51192 0.00235786 
309.568 0.00687755 1002.27 102.083 334.254 107.974 280.966 0.907606 0.517503 0.385097 0.904495 0.301498 40.0012 1.79697 4.49229 0.309098 0.772722 0.0288455 
228.11 0.0074452 787.5 98 228.46 100.153 189.815 0.832119 0.707608 0.26802 0.64797 0.21599 41.6368 2.77986 6.67644 0.324582 0.779556 0.0565893 
148.122 0.00847118 501.136 84.1603 111.143 75.0347 73.7978 0.498222 1.5996 0.153328 0.391444 0.130481 39.7042 2.96785 7.4749 0.476481 1.20008 0.034643 
278.055 0.00624783 958.696 101.613 253.816 91.2828 287.245 1.03305 0.557208 0.359141 1.3148 0.438267 40.8038 1.69145 4.14533 0.386993 0.948423 0.0262961 
181.382 0.00786596 816.667 93.4322 182.786 100.774 105.19 0.579934 1.20858 0.19018 0.504484 0.168161 41.0268 1.87207 4.56304 0.299512 0.73004 0.0182862 

211.582 0.00640464 1002.27 117.287 208.888 98.7267 84.3854 0.398831 1.85028 0.0563448 0.161979 0.0539929 43.7521 1.89736 4.33662 0.263488 0.60223 0.0352821 
335.571 0.00623129 1102.5 104.009 359.134 107.022 317.772 0.946959 0.505018 0.425169 1.10402 0.368007 46.497 2.71688 5.84312 0.365321 0.785687 0.0719049 
307.578 0.00555556 1002.27 100.685 279.049 90.7246 198.584 0.645639 0.906417 0.469796 0.927891 0.309297 47.1788 2.01991 4.2814 0.198283 0.420279 0.018401 
245.38 0.00673069 882 93.4322 235.957 96.1595 104.968 0.427775 1.41542 0.160572 0.337799 0.1126 43.9372 3.043 6.9258 0.32992 0.75089 0.0218568 
301.977 0.00498564 1002.27 101.613 237.45 78.6317 209.296 0.693086 0.958336 0.476322 1.34487 0.44829 47.6226 3.73386 7.84051 0.502965 1.05615 0.0682461 
309.597 0.00592809 1002.27 98.4375 279.742 90.3568 306.941 0.991422 0.549579 0.479366 1.17878 0.392927 43.424 3.1384 7.22734 0.532944 1.2273 0.0899355 
192.543 0.00681406 501.136 108.621 125.535 65.1983 117.192 0.608655 1.25226 0.276983 0.652246 0.217415 43.1539 4.09314 9.48499 0.61281 1.42006 0.0506213 
286.905 0.00594482 1050 100.685 267.964 93.3981 190.878 0.665301 0.881261 0.321551 0.772028 0.257343 40.5399 5.91244 14.5843 0.999348 2.4651 0.0578304 
486.114 0.00516595 1102.5 116.667 436.585 89.8113 326.207 0.671051 0.593412 0.422894 1.08859 0.362862 38.5869 3.35617 8.69768 0.575431 1.49126 0.0572759 
359.276 0.0058633 1102.5 100.227 334.375 93.0691 320.199 0.891235 0.532645 0.494873 1.70681 0.568938 41.8191 3.29139 7.87053 0.377119 0.901786 0.0478876 

258.477 0.00635928 1102.5 123.876 293.399 113.511 204.529 0.791287 0.76884 0.220059 0.545563 0.181854 41.7129 2.005 4.80665 0.320247 0.76774 0.023621 
136.916 0.00739985 158.633 109.701 15.0306 10.9779 4.95882 0.0362179 27.252 0.0150153 0.0294178 0.00980592 43.4241 1.52368 3.50883 0.244933 0.564047 0.0592838 
154.61 0.00666905 185.294 96.2882 25.0912 16.2288 11.0555 0.0715059 13.563 0.0738964 0.161207 0.0537356 44.4097 1.18606 2.67072 0.121436 0.273444 0.0174829 
217.781 0.00629431 668.182 112.5 164.421 75.498 87.8993 0.403613 1.80745 0.19502 0.425528 0.141843 40.0851 3.68202 9.1855 0.241826 0.603282 0.0364687 
286.041 0.00586683 882 119.189 268.525 93.8764 348.378 1.21793 0.489267 0.521675 1.57437 0.524791 41.5599 3.59377 8.64722 0.660763 1.58991 0.0652425 
195.659 0.00695971 918.75 119.189 209.088 106.864 70.2087 0.358832 2.04653 0.0388081 0.113147 0.0377155 34.8563 2.90939 8.34681 0.565811 1.62327 0.0389537 
115.452 0.00876493 143.182 86.1328 12.3469 10.6944 8.94545 0.0774823 12.7541 0.0519301 0.147266 0.0490885 41.9494 0.509903 1.21552 0.135785 0.323688 0.00968549 
187.934 0.00813385 1102.5 83.2075 241.198 128.342 135.189 0.719343 0.909416 0.159903 0.38233 0.127443 37.2577 1.96041 5.26175 0.329099 0.883303 0.0277967 
236.002 0.00739985 918.75 85.1351 245.165 103.882 162.982 0.690596 0.829157 0.152758 0.566292 0.188764 38.8619 3.5883 9.23346 0.600243 1.54455 0.052276 
325.855 0.00624106 848.077 86.1328 265.168 81.3761 217.637 0.667895 0.736223 0.525135 1.0127 0.337568 39.0481 4.41983 11.3189 0.671367 1.71933 0.138404 

178.72 0.00727324 787.5 87.8486 161.091 90.1364 80.3798 0.449754 1.71051 0.162847 0.575882 0.191961 29.975 1.69721 5.66206 0.396832 1.32388 0.0377664 
148.838 0.00717747 222.727 83.8403 37.7074 25.3346 15.352 0.103146 9.07535 0.0891342 0.21669 0.0722302 31.3879 2.53464 8.0752 0.251256 0.800488 0.0178608 
221.448 0.00622222 918.75 88.9113 193.271 87.2763 53.5563 0.241846 3.00085 0.0896849 0.205983 0.068661 31.3819 3.68184 11.7324 0.407849 1.29963 0.0446358 
318.308 0.00717525 1050 81.3653 376.349 118.234 139.379 0.437873 0.999924 0.203901 0.372385 0.124128 33.9677 2.33526 6.87493 0.307595 0.905552 0.0174454 
136.474 0.00737717 152.069 122.5 11.2196 8.22105 3.07022 0.0224968 44.151 0.0149078 0.0239754 0.0079918 34.4993 1.39335 4.03877 0.284807 0.825544 0.0500285 
128.928 0.00781017 153.125 116.667 11.1771 8.66928 3.73414 0.0289631 34.2885 0.0110328 0.0246786 0.00822619 35.959 1.52766 4.24834 0.261352 0.726805 0.0183057 
143.701 0.00768652 689.062 93.4322 88.7815 61.7822 24.4186 0.169927 5.32781 0.0597348 0.13767 0.0458899 35.7537 2.08288 5.82564 0.237496 0.664257 0.0352244 
147.92 0.00689755 200.455 126.724 22.6648 15.3224 8.4267 0.056968 17.2047 0.0294936 0.0496779 0.0165593 36.0432 2.4176 6.70752 0.607512 1.68551 0.0947553 
147.866 0.00708878 297.973 121.823 43.6319 29.5078 16.3877 0.110829 8.60813 0.0272966 0.0761901 0.0253967 33.4275 2.27983 6.8202 0.389296 1.1646 0.0196227 
192.3 0.00801587 1002.27 86.1328 244.891 127.349 175.818 0.914289 0.709557 0.249081 0.67157 0.223857 31.5213 1.72871 5.48425 0.380253 1.20633 0.0209734 

610.921 0.003613 1102.5 138.679 440.527 72.1086 473.668 0.775333 0.58433 0.609585 1.70132 0.567107 27.5875 3.9851 14.4453 0.832604 3.01805 0.155678 
234.58 0.00580499 1102.5 93.4322 235.534 100.407 166.888 0.711435 1.03222 0.232386 0.593149 0.197716 30.8364 3.29054 10.6709 0.691482 2.24242 0.0290442 
266.097 0.00580499 1102.5 110.25 266.009 99.9669 244.869 0.920224 0.703501 0.311263 0.80619 0.26873 28.279 4.85985 17.1854 0.587142 2.07625 0.0847719 
617.919 0.00368584 1002.27 96.2882 376.167 60.8764 384.486 0.622228 0.70564 0.971333 2.07942 0.693139 33.9906 3.8185 11.234 0.548694 1.61425 0.0702329 
533.009 0.00421356 1050 123.184 407.783 76.5059 376.875 0.70707 0.629729 0.446519 0.955534 0.318511 32.0764 2.99193 9.32749 0.55946 1.74415 0.0266694 
152.705 0.00749055 297.973 104.009 65.3794 42.8141 40.858 0.267562 3.26745 0.133502 0.352977 0.117659 32.8522 1.36601 4.15803 0.34975 1.06462 0.0123215 
265.696 0.00685412 1102.5 86.1328 306.978 115.537 286.916 1.07987 0.508504 0.353636 0.863476 0.287825 31.4921 3.37931 10.7307 0.41794 1.32713 0.0322902 
629.93 0.00421013 1102.5 83.2075 423.362 67.2078 512.075 0.812908 0.463843 0.872531 2.55296 0.850987 34.5711 2.305 6.66741 0.502984 1.45492 0.0165802 
335.867 0.00564007 1102.5 129.706 336.234 100.109 317.376 0.944947 0.558651 0.303028 0.753168 0.251056 33.2932 4.07389 12.2364 0.929436 2.79167 0.0266329 
350.587 0.00546311 1002.27 83.2075 326.105 93.0167 327.045 0.932849 0.559696 0.2234 0.852781 0.28426 34.0375 2.82209 8.29113 0.463679 1.36226 0.0703353 

226.905 0.00494331 315 111.364 66.9956 29.5258 38.3436 0.168985 5.27581 0.326081 0.453619 0.151206 39.7321 2.36817 5.96034 0.239637 0.603132 0.0274032 
233.53 0.00452608 282.692 109.158 46.3379 19.8424 19.1856 0.0821546 11.5161 0.0966695 0.265749 0.088583 38.935 1.89527 4.86779 0.133236 0.342201 0.0142941 
256.814 0.00508761 1002.27 175 235.857 91.8396 84.9148 0.330646 2.31474 0.0361658 0.115883 0.0386278 42.2349 1.56369 3.70236 0.148421 0.351419 0.00138239 
261.957 0.00395854 450 214.078 58.9278 22.4952 24.9153 0.0951125 10.1391 0.0297872 0.08497 0.0283233 32.9446 3.12797 9.49464 0.576569 1.75012 0.0227312 
236.681 0.00500636 1002.27 110.804 176.312 74.4935 89.1914 0.376842 2.23952 0.0777585 0.250626 0.083542 37.3455 4.17745 11.1859 0.381216 1.02078 0.0453642 
189.5 0.0055359 245 86.1328 30.9006 16.3064 20.4085 0.107697 8.85115 0.176506 0.386926 0.128975 35.2849 2.23596 6.33688 0.406989 1.15344 0.0383441 
220.548 0.00459022 259.412 190.086 24.8069 11.2478 6.08502 0.0275904 35.8018 0.0110656 0.0197601 0.00658669 35.7073 1.56224 4.37512 0.28919 0.809889 0.0203321 
261.345 0.0038322 275.625 245 10.1866 3.89776 5.81109 0.0222353 44.905 0.0159763 0.0343195 0.0114398 36.6292 1.45707 3.97789 0.256286 0.699678 0.0497538 
204.903 0.00515495 256.395 98 37.3766 18.2412 23.7136 0.115731 8.18046 0.153959 0.407331 0.135777 39.0359 1.57773 4.04174 0.130589 0.334536 0.0123495 
234.013 0.00543008 882 89.6341 177.481 75.8422 81.8782 0.349887 2.24918 0.179186 0.614828 0.204943 40.0978 2.00587 5.00244 0.135839 0.338768 0.00608885 

357.213 0.00524263 1002.27 111.364 311.622 87.237 267.368 0.748483 0.713413 0.502271 0.915033 0.305011 44.9467 4.65003 10.3457 0.718015 1.59748 0.0589065 
585.593 0.00377324 1002.27 114.249 379.317 64.7748 270.593 0.462083 0.97942 0.441215 0.92733 0.30911 43.3608 4.23945 9.77715 0.587489 1.35489 0.0207247 
227.154 0.00602116 882 113.66 198.89 87.5571 57.2511 0.252036 2.90092 0.110257 0.188838 0.0629461 38.325 4.4356 11.5737 0.502555 1.3113 0.0645679 
139.18 0.00750044 268.902 119.189 38.131 27.3969 13.8466 0.0994868 9.62877 0.0173333 0.0775053 0.0258351 39.9972 3.25069 8.12729 0.514384 1.28605 0.0674974 
231.233 0.00634165 668.182 119.189 184.887 79.9568 50.9343 0.220272 3.09591 0.106198 0.178784 0.0595948 42.1502 4.70163 11.1545 0.385714 0.915093 0.116909 
192.743 0.00733045 580.263 107.561 160.559 83.3023 84.4489 0.438142 1.61538 0.0572714 0.193163 0.0643878 38.7625 3.21227 8.28706 0.466226 1.20277 0.0420635 
216.113 0.00640851 1050 132.036 240.986 111.509 76.497 0.353968 2.03985 0.0256336 0.0881378 0.0293793 36.4623 3.16931 8.69201 0.731744 2.00685 0.0472356 
127.206 0.00788767 142.258 118.548 7.48965 5.88783 3.58115 0.0281525 35.4021 0.011116 0.0303164 0.0101055 38.7909 2.62074 6.75607 0.354158 0.912992 0.0402127 
174.629 0.00739445 1002.27 110.804 167.904 96.1493 80.849 0.462977 1.67271 0.100326 0.208681 0.0695605 41.2956 3.18207 7.70559 0.438381 1.06157 0.0454764 
188.785 0.00830688 882 90.7407 218.373 115.673 143.757 0.761482 0.837403 0.143312 0.327571 0.10919 45.691 1.91748 4.19663 0.374756 0.820197 0.0164318 

179.96 0.00567649 214.078 119.189 23.7311 13.1869 14.1195 0.0784592 12.4767 0.0365513 0.164581 0.0548602 36.1143 2.75522 7.62917 0.592325 1.64014 0.0373008 
174.283 0.00649534 630 138.679 110.571 63.4435 30.3963 0.174408 5.06498 0.0208467 0.0711307 0.0237102 41.2888 4.19062 10.1495 0.583401 1.41298 0.0622736 
195.906 0.00531179 319.565 143.182 42.7517 21.8226 28.2763 0.144336 6.65789 0.0811099 0.171977 0.0573258 39.6545 4.39248 11.0769 0.507783 1.28052 0.0353946 
256.661 0.00553955 918.75 133.636 233.38 90.9294 74.3645 0.289739 2.4275 0.115871 0.229232 0.0764106 37.3132 4.31489 11.564 0.511174 1.36996 0.0465536 
198.76 0.00615873 816.667 141.346 165.612 83.3227 52.0046 0.261645 3.12225 0.0322667 0.108757 0.0362524 41.0633 4.41195 10.7443 0.541485 1.31866 0.0512142 
285.005 0.00550814 1102.5 119.189 274.007 96.1413 119.033 0.417652 1.52521 0.158999 0.297642 0.0992141 41.7877 5.29378 12.6683 0.468786 1.12183 0.052828 
231.6 0.00648938 1102.5 123.876 276.187 119.251 204.942 0.884896 0.751908 0.261772 0.549767 0.183256 40.2248 3.64158 9.05308 0.4294 1.0675 0.013456 
248.583 0.00544218 882 145.066 214.059 86.1115 91.6399 0.368649 2.00513 0.0360606 0.153846 0.0512821 39.8129 2.39197 6.00802 0.411121 1.03263 0.0429948 
174.651 0.00638484 501.136 134.451 91.1728 52.203 59.6952 0.341798 2.62368 0.13382 0.292998 0.0976662 42.2924 2.90502 6.86891 0.515027 1.21778 0.0716746 
171.144 0.00683761 512.791 82.2761 100.898 58.955 74.521 0.435428 1.96253 0.141054 0.523377 0.174459 41.2872 3.60001 8.71944 0.449382 1.08843 0.0681701 

201.479 0.0068254 918.75 127.457 216.311 107.361 74.1163 0.367861 1.97678 0.0355482 0.118272 0.0394241 42.1736 2.9071 6.89318 0.484462 1.14873 0.0559334 
147.919 0.00690579 180.738 121.154 21.752 14.7053 7.37061 0.0498287 19.6464 0.0277697 0.0372139 0.0124046 44.8088 1.08332 2.41765 0.191941 0.428356 0.0322968 
174.53 0.00628118 501.136 126.724 81.1903 46.5193 26.7224 0.15311 5.95777 0.0263022 0.0798736 0.0266245 40.6035 4.53863 11.1779 0.436433 1.07487 0.0716193 
149.109 0.00720117 355.645 122.5 57.9353 38.8544 20.29 0.136075 6.84408 0.0193972 0.0635028 0.0211676 40.2307 3.40079 8.45323 0.395065 0.982 0.0251501 
222.795 0.0068357 1102.5 125.284 278.232 124.883 196.481 0.881895 0.744553 0.220644 0.450409 0.150136 41.7565 2.81536 6.74232 0.365582 0.875509 0.00953649 
142.216 0.00716553 177.823 122.5 20.2441 14.2347 5.53226 0.0389004 25.226 0.0124774 0.0267229 0.00890764 36.1103 3.52976 9.77495 0.748348 2.0724 0.0673957 
148.683 0.00677162 176.4 133.636 12.6712 8.52228 3.00993 0.020244 49.0626 0.00980828 0.0192801 0.00642669 36.7526 2.72478 7.41385 0.50187 1.36553 0.0534458 
244.867 0.00585034 787.5 119.837 192.503 78.6155 118.846 0.485348 1.43825 0.199612 0.348837 0.116279 44.6 5.8674 13.1556 0.686003 1.53812 0.0891855 
211.122 0.00754071 1102.5 117.287 281.897 133.523 198.343 0.939471 0.668607 0.233008 0.450398 0.150133 41.3413 2.46147 5.95403 0.363702 0.879755 0.0866994 
200.585 0.00727513 1002.27 115.445 241.775 120.535 161.151 0.803404 0.852955 0.163636 0.388987 0.129662 41.5599 3.32405 7.9982 0.557743 1.34202 0.0467369 

256.751 0.00508844 760.345 127.457 176.159 68.6109 140.817 0.548456 1.3956 0.137579 0.444262 0.148087 44.6455 2.5934 5.80887 0.267091 0.598248 0.0154584 
274.467 0.00623866 918.75 88.2 259.842 94.6713 260.993 0.950907 0.614157 0.271392 0.816772 0.272257 41.6931 1.61933 3.88392 0.343348 0.823511 0.0456917 
193.295 0.00611395 668.182 119.837 126.25 65.3147 42.839 0.221625 3.81802 0.0393139 0.109146 0.0363821 43.6 1.7133 3.92959 0.214902 0.492895 0.0141822 
315.492 0.00546395 1102.5 86.1328 290.042 91.9334 232.199 0.735989 0.788196 0.343705 1.25007 0.416691 41.4173 4.20378 10.1498 0.457665 1.10501 0.0402445 
212.203 0.00681668 816.667 80.7692 195.436 92.0986 155.333 0.732004 0.944414 0.253997 0.728808 0.242936 42.6889 3.53795 8.28776 0.598257 1.40144 0.0255386 
296.69 0.00581894 1102.5 134.451 343.824 115.887 84.0344 0.28324 2.04503 0.0836531 0.211849 0.0706162 38.9084 2.05182 5.27346 0.350349 0.900445 0.0135118 
323.076 0.0060771 1002.27 82.5843 343.488 106.318 170.25 0.526965 0.966535 0.437042 0.816877 0.272292 42.7353 1.35815 3.17806 0.193856 0.453621 0.0363669 
286.434 0.00666919 1102.5 82.2761 344.175 120.158 211.26 0.737551 0.709758 0.259936 0.572213 0.190738 41.9263 3.59251 8.56863 0.506153 1.20725 0.0430559 
176.253 0.00704082 501.136 103.521 113.34 64.3055 83.3142 0.472698 1.70474 0.164412 0.48438 0.16146 41.5904 2.59292 6.23442 0.504552 1.21315 0.0693611 
144.713 0.00715042 183.75 93.8298 24.1338 16.677 20.3428 0.140574 6.87475 0.0415433 0.195349 0.0651163 42.7242 3.9725 9.29802 0.4519 1.05772 0.00468233 

179.662 0.00721844 668.182 86.1328 149.323 83.1133 108.101 0.601689 1.28153 0.134764 0.436649 0.14555 39.4854 2.85556 7.23194 0.505383 1.27992 0.0573223 
185.253 0.00689342 1002.27 116.667 189.179 102.12 54.5868 0.294661 2.65752 0.0308388 0.110015 0.0366715 38.9927 2.46499 6.32168 0.361607 0.927371 0.03369 
170.696 0.00609977 324.265 139.557 44.2245 25.9084 17.0724 0.100016 9.60268 0.024684 0.0737299 0.0245766 42.0844 3.05263 7.25359 0.301645 0.716761 0.0402783 
254.136 0.00641804 1102.5 80.7692 274.649 108.072 137.154 0.53969 1.13602 0.183451 0.476317 0.158772 36.2381 4.38585 12.1029 0.424711 1.172 0.0616579 
273.442 0.00681406 1002.27 110.804 317.978 116.287 165.688 0.605934 0.885733 0.103827 0.350083 0.116694 39.7335 5.00389 12.5936 0.586731 1.47667 0.0566313 
296.861 0.00642754 1002.27 86.1328 285.662 96.2277 217.867 0.733904 0.714107 0.375055 0.8534 0.284467 40.5548 4.68586 11.5544 0.528475 1.30311 0.0865168 
245.95 0.00580499 816.667 131.25 212.634 86.4542 147.212 0.598543 1.17019 0.16 0.390625 0.130208 35.7245 6.4236 17.9809 0.561898 1.57287 0.0690604 
317.615 0.00609221 1002.27 106.01 300.699 94.674 162.181 0.510622 1.0121 0.336606 0.583623 0.194541 38.5921 4.69865 12.1752 0.548573 1.42146 0.0567844 
295.441 0.00661151 1102.5 108.088 334.481 113.214 199.114 0.673955 0.759623 0.249768 0.489374 0.163125 37.1869 2.52871 6.79998 0.434547 1.16855 0.0416473 
260.463 0.00643019 816.667 107.561 225.09 86.4193 169.509 0.650798 0.917453 0.292554 0.656507 0.218836 39.9514 3.57037 8.93678 0.397859 0.995856 0.076966 

373.2 0.00485022 1002.27 116.053 322.158 86.3232 178.371 0.47795 1.15589 0.335624 0.765174 0.255058 42.6358 2.84975 6.68394 0.478893 1.12322 0.0416705 
176.985 0.00632653 386.842 121.154 77.0892 43.5569 60.9426 0.344338 2.59366 0.110292 0.401882 0.133961 40.9768 5.47844 13.3696 0.514362 1.25525 0.0445405 
321.076 0.00566893 1002.27 119.837 309.643 96.4391 414.28 1.29029 0.425799 0.3952 1.4752 0.491733 43.0971 2.49048 5.77875 0.22535 0.522889 0.0137697 
259.009 0.0056125 1002.27 115.445 244.778 94.5058 73.1782 0.282532 2.43479 0.162042 0.340882 0.113627 41.1937 4.39889 10.6786 0.458794 1.11375 0.0474447 
428.537 0.00471277 1102.5 106.522 386.46 90.1813 578.114 1.34904 0.367037 0.668565 1.98236 0.660786 45.2802 5.40359 11.9336 0.451576 0.99729 0.0675593 
231.155 0.00603553 882 120.492 206.302 89.2485 150.146 0.649546 1.1035 0.184847 0.449343 0.149781 44.13 4.44196 10.0656 0.64124 1.45307 0.0539599 
283.436 0.005548 882 134.451 265.887 93.8085 90.3305 0.318698 1.9954 0.0987057 0.283651 0.0945504 45.4323 5.20393 11.4543 0.602872 1.32697 0.0618489 
321.451 0.00549577 1050 106.01 281.551 87.5875 264.652 0.823304 0.687536 0.409538 0.835292 0.278431 45.6557 5.28465 11.575 0.726125 1.59044 0.055185 
185.219 0.00675132 711.29 94.2308 145.981 78.8156 59.6427 0.322012 2.48344 0.101372 0.281098 0.0936994 41.9848 5.42552 12.9226 0.540726 1.28791 0.0257197 
234.571 0.0061869 882 123.876 222.727 94.9506 123.48 0.526406 1.30898 0.342078 0.650236 0.216745 42.5016 3.31761 7.80583 0.310396 0.730315 0.0574597 

312.889 0.00773394 1002.27 82.8947 364.702 116.559 202.017 0.645649 0.640048 0.285948 0.671649 0.223883 38.4627 2.80127 7.28308 0.427076 1.11036 0.0500267 
315.003 0.00617536 1102.5 89.6341 323.536 102.709 355.041 1.1271 0.456099 0.402632 1.27711 0.425704 36.2815 2.69053 7.41572 0.590274 1.62693 0.0265066 
599.211 0.00450889 1102.5 95.8696 438.923 73.2502 574.109 0.958109 0.38631 1.00529 2.3057 0.768567 37.8233 1.95864 5.1784 0.325707 0.861128 0.0564457 
524.261 0.00498333 1002.27 84.4828 388.264 74.0594 415.725 0.792974 0.482697 0.798056 1.66481 0.554937 37.9729 1.85867 4.89472 0.271942 0.716147 0.0353118 
422.233 0.00642047 1102.5 85.1351 418.071 99.0145 375.142 0.888473 0.415181 0.553867 1.32498 0.441659 35.5935 2.25948 6.34802 0.199343 0.560054 0.0263794 
395.668 0.00711606 1102.5 85.1351 405.414 102.463 486.883 1.23053 0.288626 0.533885 1.71508 0.571692 35.6248 2.85558 8.01572 0.673177 1.88963 0.0864456 
221.397 0.00773036 490 85.4651 174.043 78.6114 105.648 0.477189 1.22444 0.222933 0.495407 0.165136 38.4974 1.99288 5.17667 0.447055 1.16126 0.0214714 
245.742 0.00744898 882 81.3653 248.898 101.284 289.195 1.17682 0.464208 0.390259 1.35647 0.452156 33.5411 2.14345 6.39051 0.399404 1.19079 0.00879583 
373.173 0.00622649 1102.5 86.811 341.098 91.4048 250.655 0.671686 0.640737 0.436346 1.0032 0.3344 33.879 2.83578 8.3703 0.40763 1.20319 0.0283117 
205.07 0.00807904 1050 84.4828 251.253 122.521 84.0931 0.410071 1.4719 0.110024 0.217522 0.0725074 30.5061 2.82428 9.25807 0.549943 1.80273 0.0543955 

197.714 0.00514873 214.078 120.492 21.9509 11.1023 10.0865 0.0510156 19.2557 0.0204623 0.123903 0.0413011 41.3791 1.84188 4.45122 0.277062 0.669568 0.00466518 
182.975 0.00570295 350 163.333 50.4408 27.567 19.5443 0.106814 8.97182 0.0149105 0.0874751 0.0291584 41.153 1.75627 4.26765 0.355046 0.862748 0.0241661 
181.049 0.00560631 222.727 153.125 22.3991 12.3718 5.47036 0.0302148 32.6067 0.0121816 0.0229908 0.00766361 37.0525 2.30409 6.21844 0.348561 0.940723 0.0196007 
227.975 0.00619222 1102.5 93.4322 253.396 111.151 167.063 0.732812 0.96666 0.197258 0.537977 0.179326 40.9683 3.31572 8.09337 0.456005 1.11307 0.0474474 
180.58 0.00558648 229.688 165.789 18.1237 10.0364 9.2398 0.0511673 19.3731 0.0157723 0.0478065 0.0159355 39.4714 1.36489 3.45791 0.284884 0.721748 0.0459091 
284.738 0.00461613 1002.27 168.321 231.1 81.1623 102.004 0.358238 2.12376 0.0522667 0.158012 0.0526706 34.9619 3.40327 9.73423 0.568355 1.62564 0.0154824 
232.788 0.00528963 648.529 157.5 149.776 64.3403 51.5761 0.221559 3.66544 0.0744683 0.151468 0.0504893 37.5009 2.70529 7.21394 0.422008 1.12533 0.0217598 
185.74 0.00552463 250.568 158.633 32.5856 17.5437 18.387 0.0989933 9.84431 0.0297868 0.0638474 0.0212825 38.6696 2.37931 6.15292 0.547263 1.41523 0.051491 
239.047 0.00540613 1102.5 126 225.597 94.3734 75.8147 0.317153 2.43983 0.103639 0.209269 0.0697564 38.6602 2.96621 7.67251 0.464609 1.20178 0.0466048 
233.794 0.00508983 816.667 167.045 168.48 72.0637 61.2337 0.261913 3.20853 0.0590054 0.150664 0.0502212 39.312 3.50069 8.9049 0.694842 1.76751 0.0225122 

234.662 0.00633841 958.696 108.621 239.797 102.188 138.181 0.588852 1.14175 0.165239 0.308796 0.102932 38.2668 3.8752 10.1268 0.700071 1.82945 0.0751538 
160.356 0.00635187 191.739 103.521 19.5342 12.1817 13.2498 0.0826275 11.8819 0.0434982 0.138037 0.0460124 35.6578 4.09911 11.4957 0.566193 1.58785 0.0897754 
198.686 0.00670392 1102.5 134.451 214.48 107.949 97.8205 0.492337 1.5249 0.0752597 0.19228 0.0640933 36.8255 2.96557 8.05305 0.239179 0.649492 0.023358 
214.558 0.00668316 689.062 98 179.131 83.4886 105.501 0.491714 1.41828 0.152393 0.563233 0.187744 37.1882 1.82486 4.90709 0.238703 0.641876 0.0676237 
225.106 0.00603822 1102.5 126 225.328 100.098 128.42 0.570484 1.28961 0.125032 0.30201 0.10067 35.2217 3.81282 10.8252 0.414973 1.17818 0.0504533 
234.231 0.00565274 816.667 126.724 190.856 81.4818 108.51 0.463261 1.63031 0.141524 0.254059 0.0846864 36.7591 4.62521 12.5825 0.448051 1.21889 0.0536507 
268.438 0.00605064 918.75 128.947 266.643 99.3315 131.669 0.4905 1.25521 0.100625 0.189631 0.0632105 38.7753 3.48592 8.99005 0.513452 1.32417 0.0238277 
217.339 0.00633913 816.667 117.287 190.301 87.5593 137.065 0.630651 1.15092 0.192448 0.485592 0.161864 39.2063 5.07245 12.9378 0.676738 1.72609 0.0450977 
205.571 0.00620883 787.5 128.947 171.165 83.2632 92.4286 0.449618 1.74254 0.0841289 0.223744 0.0745812 36.0033 2.45305 6.81341 0.366111 1.01688 0.0609331 
220.824 0.00652413 882 95.4545 206.847 93.6703 158.705 0.718693 0.965799 0.261648 0.733366 0.244455 39.8311 2.57671 6.46907 0.423411 1.06301 0.0463319 

214.066 0.00469562 245 196.875 15.7137 7.34061 4.15822 0.019425 51.2153 0.00558032 0.00965825 0.00321942 37.4499 1.0181 2.71856 0.169532 0.45269 0.0084227 
198.146 0.00516359 245 147 29.3706 14.8227 8.63219 0.0435647 22.4351 0.0207691 0.0508486 0.0169495 36.1401 2.48741 6.88269 0.510297 1.412 0.0415707 
173.537 0.00601757 222.727 99.7738 31.9707 18.423 30.1899 0.173967 5.50449 0.171581 0.440886 0.146962 36.5605 1.35924 3.71778 0.178631 0.48859 0.0305603 
183.515 0.00549962 212.019 160.949 17.8744 9.74002 6.76532 0.0368652 26.8769 0.0160428 0.0317165 0.0105722 34.6929 2.34755 6.76667 0.605596 1.74559 0.0566868 
190.093 0.00528551 206.075 168.321 12.9977 6.83756 3.77542 0.0198609 50.1128 0.0100513 0.0247877 0.00826255 33.4855 2.07399 6.1937 0.216888 0.647708 0.0178413 
192.661 0.00611547 648.529 140.446 132.014 68.5212 45.455 0.235932 3.5974 0.0278507 0.0903386 0.0301129 35.0742 2.2447 6.39986 0.499749 1.42483 0.0555731 
167.172 0.00607985 186.864 86.1328 16.5603 9.90615 7.19759 0.043055 22.8518 0.0211947 0.060637 0.0202123 36.7952 2.69247 7.31744 0.544723 1.48042 0.0552403 
174.058 0.00575208 182.231 159.783 5.92365 3.40327 3.80814 0.0218786 45.6523 0.0100526 0.0220762 0.00735874 33.4541 2.09303 6.25643 0.471364 1.40899 0.0732789 
161.645 0.00623757 208.019 148.986 16.0354 9.92014 13.4831 0.0834117 11.8904 0.0504101 0.134177 0.0447258 35.586 2.98935 8.40036 0.743305 2.08876 0.119965 
163.518 0.00614611 185.294 143.182 11.3471 6.93939 4.98595 0.0304918 32.6326 0.0151461 0.0319752 0.0106584 35.7082 2.09513 5.86737 0.539331 1.51038 0.0585065 

195.971 0.00524943 225 111.364 27.7191 14.1445 8.35872 0.0426529 22.7902 0.0172786 0.0580068 0.0193356 33.3124 1.49442 4.48607 0.288655 0.86651 0.0316222 
183.015 0.00560091 227.32 146.026 28.7779 15.7244 5.42129 0.0296221 32.9336 0.0114096 0.0195682 0.00652272 32.7438 2.06395 6.30334 0.229379 0.700528 0.0325961 
152.056 0.00663341 173.622 115.445 13.3641 8.78894 9.15513 0.0602089 16.4664 0.0400265 0.132003 0.0440011 34.5235 0.943654 2.73336 0.18303 0.53016 0.0207754 
180.849 0.00708163 1002.27 84.4828 189.067 104.545 97.8348 0.540976 1.44336 0.0844541 0.225211 0.0750703 33.6353 2.04997 6.09468 0.195281 0.580583 0.0104783 
216.484 0.00564909 918.75 146.026 182.072 84.1043 60.5794 0.279833 2.92211 0.0274293 0.141639 0.0472129 28.7691 2.97843 10.3529 0.682214 2.37135 0.0577549 
147.76 0.006793 172.266 136.111 9.33701 6.31903 2.93495 0.0198629 50.1577 0.00814497 0.0200286 0.0066762 32.7517 1.53149 4.67606 0.337186 1.02952 0.0376795 
180.374 0.00560963 206.075 156.383 19.5002 10.811 4.83366 0.026798 36.8799 0.013654 0.0242537 0.00808458 29.5332 1.73375 5.8705 0.478835 1.62134 0.0607067 
183.611 0.00613662 882 145.066 127.843 69.6271 58.0659 0.316244 2.8064 0.050254 0.170223 0.0567411 31.5396 1.73627 5.50506 0.415538 1.31751 0.0343482 
151.07 0.00687453 279.114 136.957 38.6624 25.5924 13.3184 0.0881605 10.9221 0.0166575 0.0567345 0.0189115 33.5567 1.63496 4.87222 0.256739 0.76509 0.0247743 
147.696 0.00690389 172.266 93.038 17.3966 11.7786 13.426 0.0909023 10.7885 0.103936 0.237677 0.0792258 35.3141 1.5039 4.25865 0.311395 0.881788 0.0635926 

289.549 0.00647289 1002.27 117.914 336.191 116.108 356.331 1.23064 0.433559 0.328899 0.869568 0.289856 41.8988 4.56929 10.9055 0.258506 0.616976 0.0360244 
299.281 0.0061678 1002.27 83.2075 290.837 97.1785 259.948 0.868574 0.623711 0.368725 0.838235 0.279412 43.867 4.77906 10.8944 0.498861 1.13721 0.058954 
203.65 0.00677646 1002.27 97.1366 198.529 97.4853 144.815 0.711096 1.01902 0.279657 0.663345 0.221115 43.1646 3.18962 7.38944 0.217252 0.503311 0.0247304 
339.197 0.00521758 1002.27 115.445 285 84.0221 168.618 0.497111 1.13665 0.315368 0.698109 0.232703 45.4775 4.53046 9.96198 0.374371 0.8232 0.0213084 
234.796 0.00710317 918.75 82.2761 230.272 98.0731 211.264 0.899777 0.66638 0.458207 0.964086 0.321362 42.2061 5.72633 13.5675 0.810652 1.9207 0.13981 
343.892 0.00628953 1002.27 80.4745 361.694 105.177 65.4823 0.190415 2.42805 0.0873928 0.263824 0.0879414 41.1452 6.0741 14.7626 0.837458 2.03537 0.0448535 
166.29 0.00739229 380.172 86.1328 95.592 57.485 66.7625 0.401481 2.02623 0.241367 0.60668 0.202227 45.726 7.66624 16.7656 0.674615 1.47534 0.160228 
146.241 0.00706785 250.568 123.184 32.379 22.1408 16.1888 0.110699 8.73972 0.0316551 0.0775823 0.0258608 40.3871 5.72441 14.1739 0.609395 1.50889 0.0426762 
129.081 0.00783163 185.294 118.548 15.4852 11.9964 5.66122 0.0438578 22.5547 0.00743154 0.0421902 0.0140634 40.7837 2.22751 5.46178 0.284775 0.698257 0.0228105 
313.568 0.00615955 816.667 120.492 308.093 98.2542 139.235 0.444035 1.16601 0.127902 0.355868 0.118623 40.3828 5.50231 13.6254 0.4328 1.07174 0.0637881 

324.984 0.00535021 1002.27 83.2075 281.455 86.6057 292.773 0.900882 0.638408 0.46192 1.33705 0.445685 43.3427 3.28553 7.58034 0.341281 0.787402 0.0435359 
405.79 0.00603822 1002.27 86.1328 391.381 96.4493 431.005 1.06214 0.384245 0.76309 1.59165 0.53055 50.1485 2.23081 4.44841 0.191389 0.381645 0.0334744 
424.067 0.0053458 1102.5 98 387.594 91.3994 441.986 1.04226 0.423232 0.419795 1.25375 0.417916 42.8524 2.64837 6.18022 0.222726 0.519753 0.022304 
494.627 0.0049757 1002.27 88.9113 417.046 84.3153 368.151 0.7443 0.545908 0.598775 1.44154 0.480514 42.9621 5.08802 11.843 0.488329 1.13665 0.0185988 
366.116 0.00558277 1002.27 83.8403 335.442 91.6216 219.564 0.59971 0.815812 0.49472 0.95683 0.318943 48.1522 1.90115 3.94822 0.313852 0.651792 0.0281846 
417.3 0.00439909 1002.27 109.158 350.841 84.0741 192.687 0.461748 1.17973 0.545876 1.32268 0.440893 49.2485 2.61689 5.31365 0.358848 0.728646 0.0774045 
533.415 0.00431251 1002.27 101.613 409.719 76.8104 524.241 0.982801 0.442322 0.527916 2.32409 0.774697 43.7119 2.58224 5.9074 0.605115 1.38433 0.0887839 
590.327 0.00380952 1002.27 86.1328 359.682 60.9292 418.408 0.708773 0.627378 0.802381 1.6119 0.537302 45.2194 3.68535 8.14994 0.330825 0.731599 0.0400685 
540.868 0.00324717 1002.27 107.561 311.789 57.646 453.948 0.839295 0.678405 0.642458 2.28406 0.761352 46.6734 3.0601 6.55641 0.403268 0.864023 0.0848805 
439.665 0.00518214 1002.27 104.502 344.502 78.3556 394.439 0.897136 0.489228 0.598486 1.67979 0.559929 44.2742 1.19916 2.70849 0.177612 0.401163 0.0110389 

1 0 0 0 0 0 0 0 0 0 0 0 0 0 0 0 0 0 0 0 
1 0 0 0 0 0 0 0 0 0 0 0 0 0 0 0 0 0 0 0 
1 0 0 0 0 0 0 0 0 0 0 0 0 0 0 0 0 0 0 0 
1 0 0 0 0 0 0 0 0 0 0 0 0 0 0 0 0 0 0 0 
1 0 0 0 0 0 0 0 0 0 0 0 0 0 0 0 0 0 0 0 
1 0 0 0 0 0 0 0 0 0 0 0 0 0 0 0 0 0 0 0 
1 0 0 0 0 0 0 0 0 0 0 0 0 0 0 0 0 0 0 0 
1 0 0 0 0 0 0 0 0 0 0 0 0 0 0 0 0 0 0 0 
1 0 0 0 0 0 0 0 0 0 0 0 0 0 0 0 0 0 0 0 
1 0 0 0 0 0 0 0 0 0 0 0 0 0 0 0 0 0 0 0 

0 1 0 0 0 0 0 0 0 0 0 0 0 0 0 0 0 0 0 0 
0 1 0 0 0 0 0 0 0 0 0 0 0 0 0 0 0 0 0 0 
0 1 0 0 0 0 0 0 0 0 0 0 0 0 0 0 0 0 0 0 
0 1 0 0 0 0 0 0 0 0 0 0 0 0 0 0 0 0 0 0 
0 1 0 0 0 0 0 0 0 0 0 0 0 0 0 0 0 0 0 0 
0 1 0 0 0 0 0 0 0 0 0 0 0 0 0 0 0 0 0 0 
0 1 0 0 0 0 0 0 0 0 0 0 0 0 0 0 0 0 0 0 
0 1 0 0 0 0 0 0 0 0 0 0 0 0 0 0 0 0 0 0 
0 1 0 0 0 0 0 0 0 0 0 0 0 0 0 0 0 0 0 0 
0 1 0 0 0 0 0 0 0 0 0 0 0 0 0 0 0 0 0 0 

0 0 1 0 0 0 0 0 0 0 0 0 0 0 0 0 0 0 0 0 
0 0 1 0 0 0 0 0 0 0 0 0 0 0 0 0 0 0 0 0 
0 0 1 0 0 0 0 0 0 0 0 0 0 0 0 0 0 0 0 0 
0 0 1 0 0 0 0 0 0 0 0 0 0 0 0 0 0 0 0 0 
0 0 1 0 0 0 0 0 0 0 0 0 0 0 0 0 0 0 0 0 
0 0 1 0 0 0 0 0 0 0 0 0 0 0 0 0 0 0 0 0 
0 0 1 0 0 0 0 0 0 0 0 0 0 0 0 0 0 0 0 0 
0 0 1 0 0 0 0 0 0 0 0 0 0 0 0 0 0 0 0 0 
0 0 1 0 0 0 0 0 0 0 0 0 0 0 0 0 0 0 0 0 
0 0 1 0 0 0 0 0 0 0 0 0 0 0 0 0 0 0 0 0 

0 0 0 1 0 0 0 0 0 0 0 0 0 0 0 0 0 0 0 0 
0 0 0 1 0 0 0 0 0 0 0 0 0 0 0 0 0 0 0 0 
0 0 0 1 0 0 0 0 0 0 0 0 0 0 0 0 0 0 0 0 
0 0 0 1 0 0 0 0 0 0 0 0 0 0 0 0 0 0 0 0 
0 0 0 1 0 0 0 0 0 0 0 0 0 0 0 0 0 0 0 0 
0 0 0 1 0 0 0 0 0 0 0 0 0 0 0 0 0 0 0 0 
0 0 0 1 0 0 0 0 0 0 0 0 0 0 0 0 0 0 0 0 
0 0 0 1 0 0 0 0 0 0 0 0 0 0 0 0 0 0 0 0 
0 0 0 1 0 0 0 0 0 0 0 0 0 0 0 0 0 0 0 0 
0 0 0 1 0 0 0 0 0 0 0 0 0 0 0 0 0 0 0 0 

0 0 0 0 1 0 0 0 0 0 0 0 0 0 0 0 0 0 0 0 
0 0 0 0 1 0 0 0 0 0 0 0 0 0 0 0 0 0 0 0 
0 0 0 0 1 0 0 0 0 0 0 0 0 0 0 0 0 0 0 0 
0 0 0 0 1 0 0 0 0 0 0 0 0 0 0 0 0 0 0 0 
0 0 0 0 1 0 0 0 0 0 0 0 0 0 0 0 0 0 0 0 
0 0 0 0 1 0 0 0 0 0 0 0 0 0 0 0 0 0 0 0 
0 0 0 0 1 0 0 0 0 0 0 0 0 0 0 0 0 0 0 0 
0 0 0 0 1 0 0 0 0 0 0 0 0 0 0 0 0 0 0 0 
0 0 0 0 1 0 0 0 0 0 0 0 0 0 0 0 0 0 0 0 
0 0 0 0 1 0 0 0 0 0 0 0 0 0 0 0 0 0 0 0 

0 0 0 0 0 1 0 0 0 0 0 0 0 0 0 0 0 0 0 0 
0 0 0 0 0 1 0 0 0 0 0 0 0 0 0 0 0 0 0 0 
0 0 0 0 0 1 0 0 0 0 0 0 0 0 0 0 0 0 0 0 
0 0 0 0 0 1 0 0 0 0 0 0 0 0 0 0 0 0 0 0 
0 0 0 0 0 1 0 0 0 0 0 0 0 0 0 0 0 0 0 0 
0 0 0 0 0 1 0 0 0 0 0 0 0 0 0 0 0 0 0 0 
0 0 0 0 0 1 0 0 0 0 0 0 0 0 0 0 0 0 0 0 
0 0 0 0 0 1 0 0 0 0 0 0 0 0 0 0 0 0 0 0 
0 0 0 0 0 1 0 0 0 0 0 0 0 0 0 0 0 0 0 0 
0 0 0 0 0 1 0 0 0 0 0 0 0 0 0 0 0 0 0 0 

0 0 0 0 0 0 1 0 0 0 0 0 0 0 0 0 0 0 0 0 
0 0 0 0 0 0 1 0 0 0 0 0 0 0 0 0 0 0 0 0 
0 0 0 0 0 0 1 0 0 0 0 0 0 0 0 0 0 0 0 0 
0 0 0 0 0 0 1 0 0 0 0 0 0 0 0 0 0 0 0 0 
0 0 0 0 0 0 1 0 0 0 0 0 0 0 0 0 0 0 0 0 
0 0 0 0 0 0 1 0 0 0 0 0 0 0 0 0 0 0 0 0 
0 0 0 0 0 0 1 0 0 0 0 0 0 0 0 0 0 0 0 0 
0 0 0 0 0 0 1 0 0 0 0 0 0 0 0 0 0 0 0 0 
0 0 0 0 0 0 1 0 0 0 0 0 0 0 0 0 0 0 0 0 
0 0 0 0 0 0 1 0 0 0 0 0 0 0 0 0 0 0 0 0 

0 0 0 0 0 0 0 1 0 0 0 0 0 0 0 0 0 0 0 0 
0 0 0 0 0 0 0 1 0 0 0 0 0 0 0 0 0 0 0 0 
0 0 0 0 0 0 0 1 0 0 0 0 0 0 0 0 0 0 0 0 
0 0 0 0 0 0 0 1 0 0 0 0 0 0 0 0 0 0 0 0 
0 0 0 0 0 0 0 1 0 0 0 0 0 0 0 0 0 0 0 0 
0 0 0 0 0 0 0 1 0 0 0 0 0 0 0 0 0 0 0 0 
0 0 0 0 0 0 0 1 0 0 0 0 0 0 0 0 0 0 0 0 
0 0 0 0 0 0 0 1 0 0 0 0 0 0 0 0 0 0 0 0 
0 0 0 0 0 0 0 1 0 0 0 0 0 0 0 0 0 0 0 0 
0 0 0 0 0 0 0 1 0 0 0 0 0 0 0 0 0 0 0 0 

0 0 0 0 0 0 0 0 1 0 0 0 0 0 0 0 0 0 0 0 
0 0 0 0 0 0 0 0 1 0 0 0 0 0 0 0 0 0 0 0 
0 0 0 0 0 0 0 0 1 0 0 0 0 0 0 0 0 0 0 0 
0 0 0 0 0 0 0 0 1 0 0 0 0 0 0 0 0 0 0 0 
0 0 0 0 0 0 0 0 1 0 0 0 0 0 0 0 0 0 0 0 
0 0 0 0 0 0 0 0 1 0 0 0 0 0 0 0 0 0 0 0 
0 0 0 0 0 0 0 0 1 0 0 0 0 0 0 0 0 0 0 0 
0 0 0 0 0 0 0 0 1 0 0 0 0 0 0 0 0 0 0 0 
0 0 0 0 0 0 0 0 1 0 0 0 0 0 0 0 0 0 0 0 
0 0 0 0 0 0 0 0 1 0 0 0 0 0 0 0 0 0 0 0 

0 0 0 0 0 0 0 0 0 1 0 0 0 0 0 0 0 0 0 0 
0 0 0 0 0 0 0 0 0 1 0 0 0 0 0 0 0 0 0 0 
0 0 0 0 0 0 0 0 0 1 0 0 0 0 0 0 0 0 0 0 
0 0 0 0 0 0 0 0 0 1 0 0 0 0 0 0 0 0 0 0 
0 0 0 0 0 0 0 0 0 1 0 0 0 0 0 0 0 0 0 0 
0 0 0 0 0 0 0 0 0 1 0 0 0 0 0 0 0 0 0 0 
0 0 0 0 0 0 0 0 0 1 0 0 0 0 0 0 0 0 0 0 
0 0 0 0 0 0 0 0 0 1 0 0 0 0 0 0 0 0 0 0 
0 0 0 0 0 0 0 0 0 1 0 0 0 0 0 0 0 0 0 0 
0 0 0 0 0 0 0 0 0 1 0 0 0 0 0 0 0 0 0 0 

0 0 0 0 0 0 0 0 0 0 1 0 0 0 0 0 0 0 0 0 
0 0 0 0 0 0 0 0 0 0 1 0 0 0 0 0 0 0 0 0 
0 0 0 0 0 0 0 0 0 0 1 0 0 0 0 0 0 0 0 0 
0 0 0 0 0 0 0 0 0 0 1 0 0 0 0 0 0 0 0 0 
0 0 0 0 0 0 0 0 0 0 1 0 0 0 0 0 0 0 0 0 
0 0 0 0 0 0 0 0 0 0 1 0 0 0 0 0 0 0 0 0 
0 0 0 0 0 0 0 0 0 0 1 0 0 0 0 0 0 0 0 0 
0 0 0 0 0 0 0 0 0 0 1 0 0 0 0 0 0 0 0 0 
0 0 0 0 0 0 0 0 0 0 1 0 0 0 0 0 0 0 0 0 
0 0 0 0 0 0 0 0 0 0 1 0 0 0 0 0 0 0 0 0 

0 0 0 0 0 0 0 0 0 0 0 1 0 0 0 0 0 0 0 0 
0 0 0 0 0 0 0 0 0 0 0 1 0 0 0 0 0 0 0 0 
0 0 0 0 0 0 0 0 0 0 0 1 0 0 0 0 0 0 0 0 
0 0 0 0 0 0 0 0 0 0 0 1 0 0 0 0 0 0 0 0 
0 0 0 0 0 0 0 0 0 0 0 1 0 0 0 0 0 0 0 0 
0 0 0 0 0 0 0 0 0 0 0 1 0 0 0 0 0 0 0 0 
0 0 0 0 0 0 0 0 0 0 0 1 0 0 0 0 0 0 0 0 
0 0 0 0 0 0 0 0 0 0 0 1 0 0 0 0 0 0 0 0 
0 0 0 0 0 0 0 0 0 0 0 1 0 0 0 0 0 0 0 0 
0 0 0 0 0 0 0 0 0 0 0 1 0 0 0 0 0 0 0 0 

0 0 0 0 0 0 0 0 0 0 0 0 1 0 0 0 0 0 0 0 
0 0 0 0 0 0 0 0 0 0 0 0 1 0 0 0 0 0 0 0 
0 0 0 0 0 0 0 0 0 0 0 0 1 0 0 0 0 0 0 0 
0 0 0 0 0 0 0 0 0 0 0 0 1 0 0 0 0 0 0 0 
0 0 0 0 0 0 0 0 0 0 0 0 1 0 0 0 0 0 0 0 
0 0 0 0 0 0 0 0 0 0 0 0 1 0 0 0 0 0 0 0 
0 0 0 0 0 0 0 0 0 0 0 0 1 0 0 0 0 0 0 0 
0 0 0 0 0 0 0 0 0 0 0 0 1 0 0 0 0 0 0 0 
0 0 0 0 0 0 0 0 0 0 0 0 1 0 0 0 0 0 0 0 
0 0 0 0 0 0 0 0 0 0 0 0 1 0 0 0 0 0 0 0 

0 0 0 0 0 0 0 0 0 0 0 0 0 1 0 0 0 0 0 0
0 0 0 0 0 0 0 0 0 0 0 0 0 1 0 0 0 0 0 0 
0 0 0 0 0 0 0 0 0 0 0 0 0 1 0 0 0 0 0 0 
0 0 0 0 0 0 0 0 0 0 0 0 0 1 0 0 0 0 0 0 
0 0 0 0 0 0 0 0 0 0 0 0 0 1 0 0 0 0 0 0 
0 0 0 0 0 0 0 0 0 0 0 0 0 1 0 0 0 0 0 0 
0 0 0 0 0 0 0 0 0 0 0 0 0 1 0 0 0 0 0 0 
0 0 0 0 0 0 0 0 0 0 0 0 0 1 0 0 0 0 0 0 
0 0 0 0 0 0 0 0 0 0 0 0 0 1 0 0 0 0 0 0 
0 0 0 0 0 0 0 0 0 0 0 0 0 1 0 0 0 0 0 0 

0 0 0 0 0 0 0 0 0 0 0 0 0 0 1 0 0 0 0 0 
0 0 0 0 0 0 0 0 0 0 0 0 0 0 1 0 0 0 0 0 
0 0 0 0 0 0 0 0 0 0 0 0 0 0 1 0 0 0 0 0 
0 0 0 0 0 0 0 0 0 0 0 0 0 0 1 0 0 0 0 0 
0 0 0 0 0 0 0 0 0 0 0 0 0 0 1 0 0 0 0 0 
0 0 0 0 0 0 0 0 0 0 0 0 0 0 1 0 0 0 0 0 
0 0 0 0 0 0 0 0 0 0 0 0 0 0 1 0 0 0 0 0 
0 0 0 0 0 0 0 0 0 0 0 0 0 0 1 0 0 0 0 0 
0 0 0 0 0 0 0 0 0 0 0 0 0 0 1 0 0 0 0 0 
0 0 0 0 0 0 0 0 0 0 0 0 0 0 1 0 0 0 0 0 

0 0 0 0 0 0 0 0 0 0 0 0 0 0 0 1 0 0 0 0 
0 0 0 0 0 0 0 0 0 0 0 0 0 0 0 1 0 0 0 0 
0 0 0 0 0 0 0 0 0 0 0 0 0 0 0 1 0 0 0 0 
0 0 0 0 0 0 0 0 0 0 0 0 0 0 0 1 0 0 0 0 
0 0 0 0 0 0 0 0 0 0 0 0 0 0 0 1 0 0 0 0 
0 0 0 0 0 0 0 0 0 0 0 0 0 0 0 1 0 0 0 0 
0 0 0 0 0 0 0 0 0 0 0 0 0 0 0 1 0 0 0 0 
0 0 0 0 0 0 0 0 0 0 0 0 0 0 0 1 0 0 0 0 
0 0 0 0 0 0 0 0 0 0 0 0 0 0 0 1 0 0 0 0 
0 0 0 0 0 0 0 0 0 0 0 0 0 0 0 1 0 0 0 0 

0 0 0 0 0 0 0 0 0 0 0 0 0 0 0 0 1 0 0 0 
0 0 0 0 0 0 0 0 0 0 0 0 0 0 0 0 1 0 0 0 
0 0 0 0 0 0 0 0 0 0 0 0 0 0 0 0 1 0 0 0 
0 0 0 0 0 0 0 0 0 0 0 0 0 0 0 0 1 0 0 0 
0 0 0 0 0 0 0 0 0 0 0 0 0 0 0 0 1 0 0 0 
0 0 0 0 0 0 0 0 0 0 0 0 0 0 0 0 1 0 0 0 
0 0 0 0 0 0 0 0 0 0 0 0 0 0 0 0 1 0 0 0 
0 0 0 0 0 0 0 0 0 0 0 0 0 0 0 0 1 0 0 0 
0 0 0 0 0 0 0 0 0 0 0 0 0 0 0 0 1 0 0 0 
0 0 0 0 0 0 0 0 0 0 0 0 0 0 0 0 1 0 0 0 

0 0 0 0 0 0 0 0 0 0 0 0 0 0 0 0 0 1 0 0 
0 0 0 0 0 0 0 0 0 0 0 0 0 0 0 0 0 1 0 0 
0 0 0 0 0 0 0 0 0 0 0 0 0 0 0 0 0 1 0 0 
0 0 0 0 0 0 0 0 0 0 0 0 0 0 0 0 0 1 0 0 
0 0 0 0 0 0 0 0 0 0 0 0 0 0 0 0 0 1 0 0 
0 0 0 0 0 0 0 0 0 0 0 0 0 0 0 0 0 1 0 0 
0 0 0 0 0 0 0 0 0 0 0 0 0 0 0 0 0 1 0 0 
0 0 0 0 0 0 0 0 0 0 0 0 0 0 0 0 0 1 0 0 
0 0 0 0 0 0 0 0 0 0 0 0 0 0 0 0 0 1 0 0 
0 0 0 0 0 0 0 0 0 0 0 0 0 0 0 0 0 1 0 0 

0 0 0 0 0 0 0 0 0 0 0 0 0 0 0 0 0 0 1 0 
0 0 0 0 0 0 0 0 0 0 0 0 0 0 0 0 0 0 1 0 
0 0 0 0 0 0 0 0 0 0 0 0 0 0 0 0 0 0 1 0 
0 0 0 0 0 0 0 0 0 0 0 0 0 0 0 0 0 0 1 0 
0 0 0 0 0 0 0 0 0 0 0 0 0 0 0 0 0 0 1 0 
0 0 0 0 0 0 0 0 0 0 0 0 0 0 0 0 0 0 1 0 
0 0 0 0 0 0 0 0 0 0 0 0 0 0 0 0 0 0 1 0 
0 0 0 0 0 0 0 0 0 0 0 0 0 0 0 0 0 0 1 0 
0 0 0 0 0 0 0 0 0 0 0 0 0 0 0 0 0 0 1 0 
0 0 0 0 0 0 0 0 0 0 0 0 0 0 0 0 0 0 1 0 

0 0 0 0 0 0 0 0 0 0 0 0 0 0 0 0 0 0 0 1 
0 0 0 0 0 0 0 0 0 0 0 0 0 0 0 0 0 0 0 1 
0 0 0 0 0 0 0 0 0 0 0 0 0 0 0 0 0 0 0 1 
0 0 0 0 0 0 0 0 0 0 0 0 0 0 0 0 0 0 0 1 
0 0 0 0 0 0 0 0 0 0 0 0 0 0 0 0 0 0 0 1 
0 0 0 0 0 0 0 0 0 0 0 0 0 0 0 0 0 0 0 1 
0 0 0 0 0 0 0 0 0 0 0 0 0 0 0 0 0 0 0 1 
0 0 0 0 0 0 0 0 0 0 0 0 0 0 0 0 0 0 0 1 
0 0 0 0 0 0 0 0 0 0 0 0 0 0 0 0 0 0 0 1 
0 0 0 0 0 0 0 0 0 0 0 0 0 0 0 0 0 0 0 1 

