200 18 20 20 0.0021837 0.07426 10000000

0.842281 -0.628076 0.873925 0.407253 1.05358 0.661802 1.04905 1.0285 -0.520108 0.541952 0.224403 0.224401 0.688578 0.864202 0.64436 1.15835 0.757574 2.03189 
-0.276493 0.445501 1.02573 0.354242 0.443123 1.09368 -0.327679 -0.120364 -0.440574 -0.801983 -0.698488 -0.698489 0.303347 -0.141204 -0.229537 0.608685 0.409395 -0.160287 
-0.238184 -0.37108 0.290066 0.631823 -0.00684597 0.37267 -0.754794 -0.883267 -0.209151 -0.899289 -0.847844 -0.847844 0.355292 0.863612 0.756332 -1.17457 -1.14544 -0.864337 
-0.305156 0.335885 0.735914 0.177694 0.206011 0.771631 -0.616657 -0.619113 -0.349533 -0.559921 -0.674356 -0.674356 -0.0419296 0.624888 0.653615 0.0261606 -0.00858594 0.241953 
0.100107 0.113693 1.02573 -0.00845164 0.601699 0.845313 0.0713512 0.28323 -0.483671 -0.234461 -0.471078 -0.471079 1.40344 1.31073 0.826666 0.471042 0.00864025 -0.0895114 
-1.20785 1.74981 -1.74813 -0.950934 -1.45294 -1.63959 -1.02479 -1.28742 1.25955 -0.929528 -0.899956 -0.899956 -0.154625 0.279632 0.331407 0.0352196 0.0297349 0.219975 
0.281912 0.164058 0.735914 0.226781 0.913574 1.03238 0.00124192 0.0700797 -0.478335 -0.061475 -0.0996137 -0.0996138 0.473257 -0.233245 -0.361198 -0.58508 -0.658289 -0.154872 
0.503579 0.130066 1.02573 0.302413 1.19248 1.11671 0.762752 0.942122 -0.519268 0.132446 0.0372986 0.0372986 0.286063 0.618151 0.534969 0.184136 0.0453795 0.47293 
0.178106 0.204055 1.02573 0.251725 0.952151 1.199 0.12253 0.306435 -0.488999 -0.304097 -0.238138 -0.238138 0.480119 0.466629 0.323818 -0.289596 -0.407753 -0.402372 
0.350982 -0.121452 0.735914 -0.717422 0.80854 0.835577 0.549857 0.781766 -0.5088 0.637865 0.340002 0.34 0.869729 0.0902432 -0.143514 0.170593 -0.108673 1.54382 
-0.225318 0.821285 0.735914 -1.05675 0.378908 0.928408 0.496255 1.26831 -0.516198 0.731748 0.373653 0.373651 0.279763 0.192566 0.110681 0.0974948 -0.0283768 2.76522 
0.270876 0.413656 0.735914 -0.280282 1.01397 1.16547 0.276205 0.462748 -0.501656 0.631461 -0.00789673 -0.00789484 0.275595 0.472986 0.392923 0.95794 0.721732 0.258829 
-0.957798 1.42091 -0.959172 -0.0743717 -0.872441 -0.407826 -0.462691 0.13853 -0.431979 0.316701 0.103805 0.103805 -0.0208519 -0.180484 -0.187148 0.54781 0.454705 1.2516 
-1.29831 2.48742 -1.73135 -1.16815 -1.41086 -1.49427 -0.970453 -1.09348 0.193866 -0.755441 -0.566066 -0.566066 0.758603 -0.43676 -0.618829 -0.88542 -0.957497 -0.0228718 
0.410358 0.331848 0.873925 0.380595 1.25694 1.29099 1.03974 1.3903 -0.528533 -0.244827 0.160456 0.160456 0.282597 -1.17209 -1.25685 -1.38736 -1.32079 -1.57611 
0.537271 0.675835 0.735914 -0.449328 1.08971 0.969267 1.05649 1.29098 -0.531408 0.872544 0.712932 0.71293 0.193228 -1.03613 -1.10681 -0.764551 -0.763392 -0.619297 
-0.243079 1.23205 0.114908 -0.604817 0.248911 0.758335 0.366289 1.06458 -0.514413 0.291323 0.224075 0.224075 0.57628 -0.242219 -0.393298 -0.670347 -0.748786 0.38289 
-1.00935 2.23736 -0.713112 -1.13186 -0.683461 0.0808961 -0.512195 0.0631696 -0.434673 -0.278059 -0.264784 -0.264786 0.123671 -0.0903734 -0.132459 0.253797 0.149976 -0.409875 
0.235383 0.0588017 0.60992 -0.467227 0.450427 0.519106 1.10403 1.66721 -0.527858 0.743687 1.49485 1.49485 0.381194 -1.12136 -1.22015 -0.290642 -0.387876 -0.711389 
-0.690723 1.64433 0.199244 -0.778769 -0.114081 0.775084 -0.274493 0.308237 -0.469628 -0.0951091 -0.0493645 -0.0493665 0.43342 -0.975468 -1.0837 -0.822871 -0.854614 -1.00073 
-0.401414 0.212453 0.735914 0.129672 0.0933636 0.719868 -0.432026 -0.23492 -0.412263 -0.759525 -0.702073 -0.702073 1.07168 -0.95504 -1.15766 -1.04204 -1.12778 -0.386789 
0.786374 0.0425949 1.02573 -0.375982 1.28744 0.943592 1.33518 1.409 -0.532524 1.07148 1.09316 1.09317 1.71452 -0.293089 -0.665524 -0.422493 -0.735683 0.936134 
0.518207 -0.619522 0.735914 -0.502567 0.650966 0.504052 0.432688 0.505297 -0.496641 1.29303 0.757518 0.757518 1.8742 -0.856053 -1.1757 -1.43874 -1.51665 -0.996583 
-0.0776363 0.531934 0.388154 -0.778769 0.308493 0.650631 -0.276174 -0.148112 -0.451138 -0.242096 -0.367014 -0.367012 1.11503 -0.0296724 -0.311837 -0.637871 -0.810053 -0.87175 
0.464551 -1.17796 0.735914 -0.467227 0.320359 0.177907 0.513799 0.647598 -0.491999 1.32542 1.55215 1.55215 1.97814 0.528356 -0.0130223 0.414924 -0.157637 0.803968 
0.537548 -0.254497 0.735914 -0.588156 0.656473 0.494132 1.25317 1.54236 -0.52854 1.34054 1.23563 1.23564 0.994837 0.047385 -0.213331 0.597315 0.208152 1.58745 
-0.583803 0.613624 -0.713112 -0.200347 -0.569081 -0.184391 -0.183614 0.394376 -0.465723 0.335819 0.232224 0.232222 0.931581 0.818557 0.524192 1.08321 0.620127 0.167308 
0.320164 -0.238104 0.873925 -0.502567 0.562868 0.576156 0.374338 0.564266 -0.498889 0.557074 0.460491 0.460493 0.31939 2.28806 2.19002 3.43489 2.85363 0.427722 
2.22854 -1.00128 1.02573 0.106061 1.90298 0.47942 1.39905 0.581512 -0.524622 1.06018 1.06376 1.06375 -0.137997 0.223284 0.266996 0.855803 0.772299 0.407692 
1.01346 -0.317981 1.02573 -0.520008 1.09067 0.567283 1.35356 1.24188 -0.530054 1.41752 2.2419 2.2419 0.618974 0.17096 -0.00321544 -0.350715 -0.487551 0.0685589 
0.0478301 0.168006 1.02573 0.380595 0.765012 1.1186 0.477703 0.942119 -0.508939 0.0532233 0.0289193 0.0289174 0.594103 -0.868096 -1.00412 -0.696721 -0.77404 -0.808022 
-1.1167 1.18761 -1.70346 -0.159219 -1.44731 -1.64671 -1.03345 -1.32246 1.85855 -0.964703 -0.954693 -0.954693 0.994861 -1.25687 -1.42808 -1.15493 -1.20938 0.480223 
-0.947193 0.471536 -1.62637 -0.670006 -1.36735 -1.5051 -0.987281 -1.21662 0.634809 -0.672392 -0.703544 -0.703544 1.22569 -1.52958 -1.70188 -1.90627 -1.83047 -1.02975 
-0.342029 0.104345 -0.230099 -0.0526269 -0.260036 0.0933913 -0.405419 -0.220578 -0.416092 -0.0710812 -0.19983 -0.199828 0.212877 0.486483 0.426355 -1.17383 -1.12553 -0.343925 
0.311887 -0.314523 0.388154 0.202104 0.567326 0.589056 1.56693 2.22169 -0.533932 1.55058 1.98951 1.98951 0.558271 0.415201 0.250512 1.37496 0.983138 0.695469 
-0.553952 0.75634 0.494417 0.202104 0.0949531 0.939331 -0.539372 -0.354884 -0.394719 -0.846585 -0.795131 -0.795132 -1.01169 -0.137593 0.152374 0.797275 1.05444 -0.25416 
-1.32232 2.52519 -1.74813 -1.05675 -1.46864 -1.65436 -1.00326 -1.1987 0.562496 -0.781442 -0.730111 -0.730112 0.64949 -2.07573 -2.17726 -1.81898 -1.72309 -1.31141 
-0.627956 1.90683 1.02573 -1.16815 0.350146 1.51859 -0.0473401 0.726347 -0.496372 -0.245417 -0.282152 -0.282154 -0.449292 -0.904113 -0.855445 -0.642866 -0.527054 -0.657183 
-0.167475 1.18761 0.494417 -1.09474 0.381674 0.858906 0.163109 0.64013 -0.503547 -0.280888 0.0684223 0.0684223 -0.073593 0.410783 0.442023 1.00676 0.886193 0.227081 
0.693296 0.0521681 0.290066 -1.05675 0.540647 0.251923 0.576957 0.572046 -0.511855 1.56775 0.919137 0.919145 -0.0299855 1.08243 1.12329 1.43947 1.25974 3.33828 
-0.716224 1.06355 0.114908 -0.991404 -0.286501 0.488188 -0.462356 -0.0821938 -0.424758 -0.230802 0.0866979 0.0866998 -2.15488 -1.11671 -0.724673 -0.230782 0.414567 -0.297048 
-1.00249 0.969713 -1.51813 -1.14405 -1.26709 -1.25951 -0.954748 -1.12173 0.23363 -0.596745 -0.59781 -0.597809 -1.82398 -0.44029 0.0636456 -1.11646 -0.70405 -1.0161 
-0.3069 0.0337077 0.494417 -0.950934 -0.0307519 0.411051 -0.665464 -0.705743 -0.309406 -0.594011 -0.618215 -0.618215 -1.82539 0.486338 1.25837 -0.163756 0.362739 -0.0489056 
0.620998 0.967538 0.873925 -1.2383 1.42425 1.24598 -0.0156134 -0.117827 -0.488281 -0.026992 -0.301104 -0.301106 -1.2198 -0.601335 -0.328455 -0.773695 -0.479502 -1.0311 
-1.12093 1.16539 -1.72244 0.328194 -1.4776 -1.72106 -1.04775 -1.36361 3.36926 -0.965237 -0.965065 -0.965065 -1.0953 -1.36214 -1.25496 -0.912335 -0.650499 0.145894 
-1.19322 1.58967 -1.71938 0.106061 -1.47794 -1.70898 -1.04272 -1.34421 2.48759 -0.984474 -0.963725 -0.963725 -0.753444 -1.25366 -1.1865 -1.05503 -0.861528 -1.00003 
-1.0517 1.46851 -0.169725 -0.778769 -0.861178 -0.276523 -0.886095 -0.92144 -0.101385 -0.742696 -0.748398 -0.748399 -0.801524 -0.80519 -0.671235 -1.20017 -0.995209 -0.388873 
-1.01128 0.695432 -1.58253 0.489053 -1.38664 -1.52954 -1.00719 -1.26022 0.960362 -0.892827 -0.916084 -0.916084 -0.733724 -0.534827 -0.383144 1.05098 1.18746 1.76156 
-1.0118 0.88281 -1.30056 0.302413 -1.22 -1.14696 -0.946905 -1.09868 0.191863 -0.903733 -0.86556 -0.86556 -1.34631 -0.646108 -0.346334 -0.276631 0.0741468 -0.952452 
-0.586131 1.79122 0.735914 -1.05675 0.379496 1.49181 0.260303 1.31102 -0.514239 0.197301 0.269049 0.269051 -1.79274 -1.09126 -0.782759 -0.331648 0.163334 -0.903661 
3.42417 -2.52295 1.02573 0.944324 1.93431 0.00197936 2.51563 0.89427 -0.525434 1.987 2.23143 2.23143 -2.71402 0.73129 2.14461 2.42043 4.03542 3.96226 
-0.181098 -0.375117 1.02573 -0.778769 0.305132 0.765186 0.192685 0.70263 -0.485394 0.11442 0.119603 0.119601 -1.95314 0.170273 0.911602 1.56185 2.37771 -0.61212 
0.120828 -0.375117 1.02573 -0.138312 0.547331 0.753316 0.783159 1.32882 -0.51478 0.506 0.525593 0.525593 -2.55208 1.43785 3.03974 0.927052 2.02257 1.40093 
3.49121 -2.45157 0.735914 -0.670006 1.42281 -0.300952 1.84034 0.435084 -0.514589 3.78288 2.95197 2.95197 -1.21444 0.596722 1.09555 0.693137 1.03516 0.875737 
2.67779 -1.93449 0.873925 0.354242 1.67407 0.120574 1.78271 0.689538 -0.521375 1.17747 0.810197 0.810195 -1.66274 -0.0709232 0.47274 0.758636 1.31279 -0.697905 
-0.965442 1.27649 -1.30056 -0.375982 -1.04717 -0.788092 -0.761616 -0.628617 -0.285573 -0.376483 -0.33809 -0.33809 -1.48105 -1.38423 -1.21601 -0.517226 -0.139535 -1.21619 
0.116987 0.652877 1.02573 -1.05675 0.87293 1.17324 1.10154 1.80763 -0.532212 0.716358 0.634763 0.634761 -1.79958 0.241975 0.931137 -0.102363 0.421513 -0.494865 
3.60627 -1.93785 1.02573 -1.16815 1.79789 -0.130195 2.80645 1.00696 -0.536205 3.29238 3.85439 3.8544 -1.07849 -0.625777 -0.396247 0.41504 0.694632 -1.06236 
0.789209 -0.536714 1.02573 0.602614 1.10544 0.757149 1.33218 1.40297 -0.527729 0.465118 0.42455 0.42455 -1.37777 0.803008 1.42302 3.00955 3.55159 -0.699223 
0.930224 -0.710109 0.735914 -1.16815 1.02494 0.56587 1.4054 1.36669 -0.527636 0.0698095 0.614381 0.614379 -1.20345 -0.208108 0.134185 0.175911 0.496595 0.879436 
-0.254623 -1.21944 -1.25132 -0.0958881 -1.03432 -1.14648 -0.780655 -0.924265 -0.106034 0.579563 -0.146297 -0.146299 0.130205 -0.574753 -0.627231 -1.18715 -1.12585 -0.671398 
-0.191157 -1.62826 -1.34474 -0.179897 -1.1985 -1.40764 -0.92572 -1.18468 0.451824 -0.559336 -0.504319 -0.504319 -0.0564732 -0.956729 -0.984143 -1.83448 -1.68352 -1.14494 
0.0318989 -1.07804 0.735914 2.3275 0.307699 0.534123 -0.428017 -0.439418 -0.370742 -0.859703 -0.789917 -0.789917 0.716354 -1.22456 -1.36486 -1.7421 -1.66382 -1.61135 
0.0811677 -2.18437 -0.860971 3.81568 -1.09844 -1.33609 -0.882334 -1.14582 0.328725 -0.891369 -0.848828 -0.848828 -1.45941 0.0389604 0.527344 0.862726 1.32555 -0.840164 
-0.160971 -1.15766 0.735914 -0.117214 -0.165533 0.0663 -0.395635 -0.300869 -0.377466 -0.653218 -0.533139 -0.533139 -0.428729 0.886657 1.07984 -0.325789 -0.233232 -0.0225937 
-0.612954 -0.638786 -1.45373 -1.05675 -1.32118 -1.503 -0.91646 -1.10808 0.213588 -0.162993 -0.273394 -0.273395 -0.911316 -0.681543 -0.504224 -0.168988 0.0502951 -0.27618 
-0.315521 -1.56541 -1.41205 2.90201 -1.36961 -1.63943 -1.02492 -1.34833 2.62287 -0.984311 -0.973098 -0.973098 -0.812391 -1.22573 -1.14509 -0.88567 -0.683957 -0.926826 
0.0753049 -2.30816 -1.36518 4.99325 -1.48581 -1.83766 -1.02699 -1.36439 3.43666 -0.959932 -0.945352 -0.945352 -0.596485 -1.31068 -1.27485 -1.08586 -0.919505 0.135972 
-0.465397 -1.01206 -1.42078 -0.604817 -1.26972 -1.45082 -0.891434 -1.08398 0.15363 -0.274926 -0.234508 -0.234508 -0.0328427 -1.21322 -1.25399 -1.85059 -1.6999 -1.21518 
-0.18653 -0.742474 0.388154 -0.923408 -0.156242 0.102674 -0.45101 -0.381711 -0.376603 -0.149688 0.160917 0.160919 0.215851 -0.867394 -0.940155 -1.81865 -1.69086 -1.44133 
0.993699 -0.926147 0.735914 -0.0958881 0.909838 0.409991 0.953521 0.813743 -0.513894 1.45425 0.733014 0.733014 1.35145 1.26837 0.805367 1.72328 0.999317 0.466594 
3.18153 -2.36593 0.735914 0.0139787 1.44784 -0.195813 0.977941 -0.0452171 -0.490114 1.15114 0.756449 0.756449 0.980036 0.936736 0.619634 0.929163 0.480843 -0.912645 
-0.252237 -0.163302 0.388154 -0.00845164 0.0139049 0.418625 -0.637487 -0.675182 -0.31834 -0.491882 -0.650888 -0.650887 -0.199333 1.09517 1.20653 0.41243 0.387681 0.6711 
-1.09501 1.28618 -1.38461 0.202104 -1.26372 -1.20389 -0.966147 -1.1327 0.283104 -0.953196 -0.863053 -0.863053 0.192291 0.138085 0.0806622 0.484397 0.333715 0.776922 
-0.213161 0.150732 -0.230099 0.202104 -0.0973835 0.213645 -0.685318 -0.770447 -0.300908 -0.512032 -0.670048 -0.670047 0.696517 1.31005 1.06958 -0.298424 -0.459111 2.56181 
-0.581887 1.11961 -0.484316 -0.240714 -0.290729 0.303873 -0.431545 -0.11702 -0.433262 -0.754925 -0.642646 -0.642645 -0.0968722 0.107052 0.132855 0.191406 0.155725 -0.141825 
-0.358008 0.216245 0.873925 0.691345 0.348461 1.06461 -0.491757 -0.369471 -0.395316 -0.911989 -0.842791 -0.842791 -0.635572 0.072352 0.265143 1.8068 1.87424 0.0450068 
-1.20972 1.66561 -1.75081 0.177694 -1.50724 -1.78399 -1.04388 -1.34664 2.58714 -0.984061 -0.952981 -0.95298 -0.090221 -0.370745 -0.367284 -0.490408 -0.463601 -0.208681 
-0.755415 1.18232 0.735914 -0.117214 -0.232355 0.650356 -0.458803 -0.0425358 -0.428137 -0.541184 -0.613073 -0.613072 0.496372 0.0826586 -0.0570976 0.0219992 -0.146054 -0.0185407 
-0.619804 2.07637 0.388154 -0.881267 0.168745 1.17691 0.0175369 0.852729 -0.50281 -0.327782 -0.386506 -0.386508 1.52576 -0.938789 -1.2034 -0.365091 -0.661927 -1.06772 
-0.704345 -0.501028 -1.54314 0.202104 -1.37816 -1.58714 -0.96408 -1.19577 0.537698 -0.857789 -0.697114 -0.697115 -0.717073 -0.262121 -0.0820623 0.958585 1.09049 -0.313867 
-0.75873 0.301325 -0.340502 0.944324 -0.688007 -0.231718 -0.840832 -0.908001 -0.124881 -0.935754 -0.875201 -0.875201 0.49478 0.897295 0.741272 0.904292 0.604996 0.588223 
-0.551586 -0.858381 -1.23812 1.11581 -1.227 -1.35423 -0.856885 -0.998192 0.0175187 -0.636581 -0.68302 -0.683019 0.112032 1.06034 1.04423 0.444237 0.321896 -0.382725 
0.0304332 -0.635209 0.494417 0.752276 0.288013 0.509575 -0.507904 -0.562105 -0.360662 -0.464011 -0.573909 -0.57391 -0.436294 0.997671 1.20336 0.464867 0.513051 0.0203709 
-0.524246 -0.0285033 0.199244 1.04589 -0.250571 0.304423 -0.677214 -0.646363 -0.298554 -0.87906 -0.803497 -0.803497 0.441968 1.07607 0.93558 0.649277 0.403411 0.188725 
0.301962 -0.665986 1.02573 0.202104 0.610894 0.65014 -0.169674 -0.178473 -0.441323 -0.249905 -0.443541 -0.443541 0.611621 1.78835 1.56411 0.206981 -0.0172632 0.247021 
-0.209646 0.295485 1.02573 0.380595 0.62822 1.27341 0.480831 1.22287 -0.510453 0.260305 0.0369308 0.0369327 0.245594 0.453819 0.383097 -0.0326407 -0.13338 -1.17521 
-0.0469522 -0.730617 0.388154 1.18755 0.13446 0.379637 -0.377095 -0.325441 -0.39842 -0.860225 -0.717572 -0.717571 0.149128 -0.555529 -0.611655 -0.143849 -0.207905 -0.108183 
-0.755204 0.193051 -0.713112 0.783313 -0.842174 -0.534874 -0.61898 -0.405971 -0.343124 -0.374905 -0.452391 -0.45239 0.72982 -0.141123 -0.330422 0.488309 0.187805 0.927815 
-0.788801 0.6367 -0.679411 -1.20362 -0.764883 -0.352773 -0.506719 -0.12516 -0.402228 -0.338992 -0.0133603 -0.0133604 0.494405 0.420241 0.274104 0.0889286 -0.0886471 0.801222 
-0.498198 0.624736 0.494417 0.516967 0.152358 0.952735 -0.509784 -0.327804 -0.400954 -0.862769 -0.785365 -0.785364 0.701997 -0.139443 -0.322494 0.302353 0.0402287 0.359197 
-1.01129 0.703506 -1.63954 0.276936 -1.39389 -1.54618 -1.01518 -1.28163 1.17864 -0.901385 -0.939836 -0.939836 1.31915 -1.61257 -1.78455 -1.47733 -1.49939 -0.494626 
-0.756364 0.0914798 -0.713112 0.489053 -0.921509 -0.688163 -0.868651 -0.971877 -0.0450693 -0.90867 -0.85854 -0.85854 0.334285 1.17839 1.07723 0.0101477 -0.117628 0.925817 
-0.999891 0.992936 -1.1338 0.328194 -1.10633 -0.894885 -0.917357 -1.02297 0.0341634 -0.942949 -0.889738 -0.889738 0.246976 0.259325 0.187139 -0.241533 -0.316114 -0.752786 
-0.293996 0.634828 1.02573 0.434215 0.644472 1.4253 0.416764 1.21387 -0.511111 0.0561275 -0.152415 -0.152417 0.604314 -0.213544 -0.371776 -0.420905 -0.543711 -1.3168 
-1.06592 0.958014 -1.64797 0.328194 -1.40588 -1.55888 -1.0291 -1.31441 1.67744 -0.977302 -0.959829 -0.959829 -0.71801 0.363498 0.618915 1.90782 2.01434 0.773249 
-1.00397 0.572039 -1.65208 0.752276 -1.46606 -1.71294 -1.0482 -1.37036 3.80833 -0.990553 -0.974012 -0.974012 -0.567585 -0.286708 -0.152402 0.408262 0.503583 0.269337 
-0.0825507 -0.33068 0.114908 0.226781 -0.0368556 0.17747 -0.17109 0.0245584 -0.449097 -0.0482845 -0.345979 -0.345979 1.27025 2.25168 1.7233 1.52852 0.87245 1.56036 
-0.40582 1.32564 1.02573 0.129672 0.6736 1.65832 0.430863 1.38655 -0.5179 0.117508 -0.152436 -0.152434 0.507075 -0.499392 -0.629293 -0.432343 -0.534637 1.47055 
-0.506762 1.06541 0.735914 0.0595249 0.354732 1.30804 0.149245 0.97846 -0.50142 -0.226885 -0.269466 -0.269468 0.558271 0.19734 0.0384915 0.74819 0.453337 0.0269923 
0.0312954 -1.07723 0.0363897 0.516967 -0.166749 -0.0923534 -0.00472483 0.213829 -0.452909 -0.356243 -0.164129 -0.164131 1.28091 -0.392828 -0.676713 -1.02012 -1.13629 -1.10288 
0.201011 0.0498165 0.494417 -0.978022 0.498319 0.610494 0.90525 1.42084 -0.522767 0.308063 0.545759 0.545757 0.589466 -1.17961 -1.30555 -0.556176 -0.654844 -0.0107634 
-0.576599 -0.0723811 -0.230099 0.226781 -0.563399 -0.181252 -0.746616 -0.766389 -0.236355 -0.844074 -0.802756 -0.802755 1.03606 -1.10371 -1.29063 -1.33763 -1.36145 -1.14898 
0.594021 -0.709286 1.02573 -1.05675 0.738332 0.536653 0.687221 0.776271 -0.507209 0.667056 1.37149 1.3715 0.524874 0.907925 0.74137 0.139322 -0.0532116 -0.207532 
-0.395465 0.616192 0.199244 -1.261 -0.0135457 0.541109 0.105191 0.76432 -0.493244 0.221706 0.378127 0.378127 0.822679 0.370114 0.133084 0.994675 0.580332 -0.738752 
0.413902 -0.361448 1.02573 0.783313 1.16576 1.18268 -0.434684 -0.581596 -0.394853 -0.623955 -0.607036 -0.607037 -0.0627029 -0.830278 -0.851619 -0.513582 -0.490417 -1.1732 
0.666674 -0.108489 0.735914 -1.19188 1.16309 0.924605 0.218142 0.149374 -0.491266 1.13042 0.545959 0.545958 0.833546 -1.39058 -1.53614 -1.46568 -1.44539 -0.347602 
0.315652 0.471673 1.02573 -1.20362 1.16855 1.29787 0.528671 0.780956 -0.514221 0.25119 0.0797059 0.0797078 0.64408 0.414183 0.224838 0.43432 0.1653 -0.105976 
-0.739858 0.835816 -0.713112 -0.394566 -0.666001 -0.20847 -0.440137 -0.013381 -0.425274 -0.223033 -0.0876765 -0.0876765 0.565414 -0.393216 -0.537695 0.424579 0.17791 0.844245 
-1.042 0.943208 -1.63083 -0.763627 -1.37496 -1.49301 -0.916957 -1.00947 0.0369051 -0.833007 -0.63848 -0.63848 0.830946 0.721113 0.463113 0.104248 -0.154282 -1.49214 
-0.7072 1.00986 -0.230099 -1.05675 -0.380027 0.298776 -0.252451 0.373484 -0.463107 -0.370218 -0.178637 -0.178635 0.0724288 -0.181073 -0.211828 0.429635 0.320614 0.409368 
-0.65364 0.691386 0.735914 0.106061 -0.063273 0.811385 -0.657661 -0.547343 -0.340099 -0.886148 -0.8011 -0.801101 -0.0429601 -0.496549 -0.50919 -0.445089 -0.43287 -0.4443 
-0.793092 -0.0862754 -1.22453 0.97776 -1.21529 -1.24404 -0.941721 -1.13111 0.280771 -0.916703 -0.870248 -0.870248 0.681107 -0.021894 -0.204756 -0.809894 -0.882995 -0.206311 
0.00624429 0.225583 1.02573 -1.261 0.615997 0.97191 -0.0324611 0.187539 -0.476115 -0.128515 -0.103042 -0.103044 -0.688079 1.05499 1.3794 -0.0611682 0.0899624 0.565982 
0.191192 0.613624 0.735914 -0.117214 0.960352 1.19347 0.183599 0.386215 -0.49849 -0.523803 -0.343605 -0.343607 0.130533 1.5542 1.5397 0.924551 0.741117 0.384407 
0.41554 0.234891 0.735914 -1.05675 0.703522 0.65247 0.578699 0.770018 -0.513832 0.822691 0.615561 0.615563 0.322879 1.29732 1.20022 0.570125 0.370177 1.46396 
-0.0721758 -0.375117 0.199244 0.661412 0.123135 0.388879 0.0436982 0.364048 -0.47306 -0.244936 -0.266344 -0.266346 -0.808363 2.70094 3.29961 0.773469 0.94672 0.833382 
0.614359 -0.0936831 0.735914 -0.29978 0.823028 0.610567 0.157044 0.100359 -0.487193 0.631814 0.10145 0.10145 -0.136779 1.30765 1.40302 0.6924 0.623119 0.389937 
0.401937 0.415155 1.02573 -0.220645 1.09151 1.11059 0.436701 0.590221 -0.509763 0.200712 -0.0781595 -0.0781576 -0.465873 -0.44508 -0.35294 -0.00132663 0.0825889 -0.156859 
0.0668556 0.237488 0.199244 -0.240714 0.222128 0.387938 0.212531 0.52077 -0.495654 0.41312 0.240344 0.240346 0.181565 0.3963 0.345104 -0.224534 -0.2865 1.11896 
1.14685 -1.31065 0.735914 0.0826788 0.993573 0.385346 0.279635 0.00237059 -0.474339 0.626938 0.44743 0.44743 0.810243 -0.185766 -0.390847 0.268472 -0.0142924 -0.156021 
-0.732845 0.135916 -1.04359 0.276936 -0.954102 -0.768058 -0.609535 -0.398353 -0.345808 -0.491708 -0.244892 -0.24489 0.42171 1.93751 1.79321 0.484263 0.267888 -0.0523481 
0.647515 -0.508436 0.735914 0.226781 0.89411 0.658172 2.06594 2.43871 -0.539606 0.9227 1.80052 1.80052 0.918278 -0.475959 -0.686553 -1.27407 -1.29735 -1.16388 
0.0529266 -0.563729 0.735914 0.0595249 0.378598 0.606031 -0.516887 -0.58372 -0.36001 -0.234798 -0.361139 -0.361141 0.472508 1.06552 0.914117 0.146191 -0.0345321 0.0525601 
1.67697 -1.44533 1.02573 -0.280282 1.50461 0.489399 3.3065 2.61491 -0.544859 2.2798 2.76701 2.767 1.42955 1.87705 1.3241 0.102277 -0.283436 0.779158 
-0.213909 -0.149221 0.388154 0.251725 0.0728114 0.464242 0.0659145 0.517015 -0.479022 -0.121584 -0.154446 -0.154446 1.16018 1.10031 0.713864 1.25618 0.690678 0.287908 
0.286932 -0.626929 0.388154 0.783313 0.546361 0.587224 -0.387009 -0.475252 -0.39929 -0.549227 -0.470204 -0.470203 1.46518 1.71578 1.16752 1.02275 0.421171 0.572882 
0.651107 -0.678107 0.873925 -0.29978 0.67085 0.419444 0.932956 1.03814 -0.516208 0.99388 0.581053 0.581055 1.51749 1.78098 1.20695 1.77262 0.984271 0.332162 
-0.653965 0.552148 -0.105453 -0.748356 -0.406587 0.182867 -0.619378 -0.465313 -0.355661 -0.535991 -0.475069 -0.475068 0.657781 1.89476 1.64718 0.64466 0.33769 -0.732211 
-0.181184 -0.00090078 0.388154 0.380595 0.203349 0.618027 -0.136001 0.147698 -0.460653 0.658979 0.228394 0.228392 0.778814 0.192138 -0.0243515 -0.756654 -0.854027 0.414331 
0.569085 1.51497 0.735914 -1.18006 1.33169 1.2008 0.458683 0.505327 -0.520453 0.380325 0.2692 0.2692 -0.167084 -0.224925 -0.195122 -0.0467797 -0.0417774 0.145829 
0.589337 -0.0122083 1.02573 -0.923408 1.00452 0.82727 1.61738 1.94928 -0.536897 0.959595 1.42302 1.42302 -0.677915 -0.314373 -0.151792 0.946107 1.06226 -0.703785 
3.31199 -1.64511 1.02573 -0.685947 1.92156 0.0327683 3.27617 1.44244 -0.543136 3.95145 3.38319 3.3832 -0.31683 -0.905543 -0.882673 -0.663502 -0.574447 0.377703 
2.59398 -1.18022 0.735914 -1.11958 1.51895 0.0545923 2.07688 0.947178 -0.534519 2.92265 2.16186 2.16186 -0.281794 -0.986291 -0.975345 -0.990605 -0.884307 -0.385716 
1.61658 0.227964 1.02573 -1.09474 1.75584 0.72763 1.76959 1.2336 -0.540555 1.71039 1.51425 1.51424 -0.839043 -0.662545 -0.500585 -1.43229 -1.21792 -0.70838 
1.36209 0.90954 1.02573 -1.09474 1.65525 0.820636 2.61569 2.25948 -0.551869 1.61119 2.25766 2.25765 -0.831712 -0.181057 0.0442148 1.45048 1.62371 1.46139 
-0.307388 1.51146 -0.745311 -1.08217 -0.183566 0.17736 -0.271025 8.82323e-05 -0.46821 0.0674911 -0.0666625 -0.0666606 -0.158958 -0.877886 -0.883238 0.0747713 0.0670084 -0.885672 
-0.0741684 1.23575 0.388154 -1.2383 0.411342 0.788838 1.1188 2.09839 -0.536172 0.89817 1.57426 1.57425 -1.31971 -0.756266 -0.486704 -0.215134 0.130121 -1.34355 
1.14659 0.0378916 1.02573 -1.03092 1.1441 0.522397 0.82697 0.583416 -0.520391 1.12697 0.901033 0.901033 -1.24057 -0.19705 0.160048 -0.165088 0.156623 -0.63858 
-0.463797 1.85312 0.873925 -1.11958 0.430058 1.3616 -0.434239 -0.201209 -0.446089 -0.493038 -0.596225 -0.596225 -2.0305 -0.206339 0.450062 0.700735 1.43799 0.303643 
-0.534266 -1.01816 -1.54314 0.251725 -1.39231 -1.64336 -0.994618 -1.27807 1.14371 -0.937662 -0.774634 -0.774633 0.515928 -0.999853 -1.12023 -0.959456 -0.983858 -1.49276 
-0.675462 -0.475101 -1.15012 1.8832 -1.16589 -1.19931 -0.923004 -1.11073 0.224375 -0.965223 -0.844054 -0.844054 0.462976 -1.069 -1.18019 -0.485006 -0.570985 -0.788331 
-0.693913 -0.569794 -1.51813 1.49446 -1.38875 -1.60912 -1.02957 -1.34046 2.33724 -0.978771 -0.966941 -0.966941 -0.497349 -0.626512 -0.542916 -0.52446 -0.404333 -0.953247 
-0.244372 0.00431204 1.02573 -0.778769 0.447089 1.05495 0.19401 0.766743 -0.491255 -0.0599708 0.0144627 0.0144646 0.41972 0.190612 0.0695813 0.129223 -0.0359854 0.0526576 
-0.698406 -0.589225 -1.498 1.97673 -1.42273 -1.6721 -1.00103 -1.27762 1.15421 -0.960945 -0.91965 -0.91965 0.0691501 -1.38513 -1.44472 -0.911867 -0.872336 -0.0029103 
0.299405 -1.54003 0.735914 2.07315 0.269893 0.246157 -0.298617 -0.356665 -0.387815 -0.779771 -0.709633 -0.709633 -0.986962 0.261328 0.605613 0.812753 1.0595 -1.10201 
-0.198265 -0.880094 -0.286926 1.66107 -0.376427 -0.207531 -0.680458 -0.766587 -0.249995 -0.669552 -0.722103 -0.722104 -0.392335 -0.302451 -0.217709 -0.0776131 -0.0097828 -0.875254 
-0.648974 -0.649829 -1.43763 1.70421 -1.30779 -1.46963 -0.931767 -1.13418 0.302372 -0.891371 -0.889081 -0.889081 -0.118629 -0.565755 -0.56432 0.68443 0.609804 0.198724 
-0.138305 -0.765941 1.02573 0.461481 0.226158 0.60246 -0.496923 -0.479886 -0.359559 -0.524736 -0.611953 -0.611952 -0.120831 -0.091698 -0.0679041 0.181569 0.15361 0.0222204 
-0.188628 -1.07587 0.199244 2.02456 -0.227777 0.000768413 -0.607331 -0.645559 -0.290841 -0.746317 -0.723636 -0.723636 0.0318191 0.340018 0.33469 1.58229 1.36271 -0.848075 
-0.180312 0.147557 0.60992 -0.200347 0.339012 0.813219 -0.0246847 0.334984 -0.475603 -0.218927 -0.422285 -0.422285 -0.212964 0.642521 0.733857 1.6141 1.49509 1.05349 
-0.892147 0.160746 -1.60773 -0.394566 -1.41152 -1.61425 -0.970666 -1.18327 0.484525 -0.823302 -0.747699 -0.747698 -0.823984 0.823379 1.18105 0.799599 0.978736 1.58167 
-0.524954 0.505703 1.02573 0.783313 0.137806 0.968593 -0.330295 0.0455195 -0.441351 -0.665624 -0.644328 -0.644329 -0.550512 -0.092215 0.0564097 -1.18993 -1.02677 -0.817522 
-0.372904 0.485361 -0.169725 -0.604817 -0.143129 0.308897 -0.272138 0.0436511 -0.450882 -0.2827 0.0625928 0.0625909 -0.465569 -1.0136 -0.971304 -1.19283 -1.04304 0.781485 
-0.271857 -0.146585 1.02573 0.461481 0.22402 0.756852 -0.0985951 0.279895 -0.462385 -0.418532 -0.435217 -0.435217 -0.926117 0.592134 0.962008 -0.120414 0.103171 0.16124 
-0.184441 -0.524299 0.199244 0.489053 -0.0499451 0.254774 -0.249354 -0.0416841 -0.431927 -0.336659 -0.526597 -0.526596 -0.566063 1.24833 1.53608 0.0808309 0.190178 0.276739 
0.143254 -0.134416 0.494417 0.573709 0.552369 0.736179 -0.0739936 0.0400101 -0.46546 -0.539699 -0.649377 -0.649376 -0.0938745 0.328087 0.362506 0.478726 0.415187 -0.800555 
-0.346263 0.148262 0.199244 0.129672 -0.0543559 0.418684 -0.033135 0.460346 -0.474783 -0.0838497 -0.0853668 -0.0853668 0.00706444 1.60958 1.65215 1.47215 1.27419 -0.0322204 
-0.458998 0.0205874 0.114908 0.573709 -0.206439 0.302818 -0.371123 -0.0826016 -0.421894 -0.621593 -0.584368 -0.584369 -0.743069 -0.506193 -0.348553 -0.417687 -0.241567 0.539801 
-0.312877 0.329535 0.388154 -0.701755 0.0771428 0.583497 0.130723 0.724398 -0.491332 0.259689 0.386813 0.386812 0.153391 -0.406309 -0.461041 -0.0690774 -0.142976 0.0123625 
-0.377617 -1.46214 -1.45373 3.16055 -1.44188 -1.74481 -1.03951 -1.37282 4.00078 -1.01154 -0.992349 -0.992349 -0.404279 -1.66525 -1.68625 -1.61366 -1.44738 -1.35703 
-0.530128 -1.00359 -1.45373 1.26121 -1.33334 -1.54302 -1.00563 -1.30042 1.42794 -0.936139 -0.913853 -0.913853 -0.711031 -0.478439 -0.32592 0.459532 0.602901 -0.159626 
-0.765876 -0.166819 -1.51813 -0.537267 -1.31268 -1.44592 -0.842395 -0.909323 -0.0855908 -0.187443 -0.170563 -0.170563 -0.612574 -1.3897 -1.35982 -1.5583 -1.37065 -0.557354 
-0.670289 -0.674335 -1.54909 1.79241 -1.42471 -1.6801 -1.01977 -1.32051 1.82502 -0.959602 -0.950313 -0.950312 -1.04996 -0.591408 -0.363821 1.03932 1.31586 0.386412 
-0.607273 -0.884131 -1.56628 2.07315 -1.46347 -1.75838 -1.04241 -1.37151 3.90222 -0.989347 -0.963517 -0.963517 -1.33273 -0.812371 -0.550998 -1.32555 -1.03058 -1.0168 
-0.582673 -0.0708917 -0.286926 1.01162 -0.51759 -0.0947726 -0.726807 -0.72348 -0.256077 -0.900983 -0.838597 -0.838597 -0.960661 -0.674483 -0.48365 0.395358 0.630322 0.346182 
-0.826852 -0.105794 -1.62183 -1.05675 -1.43515 -1.67562 -1.01649 -1.30195 1.46519 -0.934026 -0.895199 -0.895199 -0.557608 -0.312806 -0.183897 0.668977 0.749131 0.33416 
-0.760885 -0.426961 -1.63522 1.74801 -1.51969 -1.851 -1.04216 -1.36546 3.50347 -0.98934 -0.968684 -0.968684 -1.34008 -0.796992 -0.530505 0.222666 0.596468 0.985767 
-0.879799 0.0487484 -1.56066 1.33684 -1.43933 -1.67524 -0.968899 -1.18091 0.485285 -0.788988 -0.755055 -0.755054 -0.840799 -0.0730072 0.169868 1.87714 2.0493 2.67221 
-0.861856 -0.040869 -1.62637 1.11581 -1.47659 -1.75563 -1.03324 -1.33963 2.33956 -0.964054 -0.94982 -0.949819 -0.81218 -0.795296 -0.657602 0.636173 0.813163 0.452145 
-0.550964 -0.919484 -1.51156 -0.0958881 -1.34647 -1.56131 -1.0077 -1.30316 1.45968 -0.953467 -0.900211 -0.900211 -1.37327 -1.28051 -1.10884 -0.888924 -0.562944 -0.518995 
-0.675079 -0.575085 -1.50485 1.22411 -1.33805 -1.5187 -1.02994 -1.34224 2.36646 -0.982603 -0.973463 -0.973463 -1.50643 -0.820481 -0.515181 -1.24956 -0.917689 -0.483815 
-0.97166 0.436614 -1.66012 0.0595249 -1.46056 -1.70575 -1.00167 -1.2505 0.894361 -0.840537 -0.759198 -0.759197 -1.08963 -1.72538 -1.68141 -1.53154 -1.28181 -0.910813 
-0.695829 0.875804 0.735914 -1.11958 -0.0641631 0.876787 -0.330187 0.191396 -0.44864 -0.619979 -0.581572 -0.581572 -1.29765 -0.831773 -0.583345 -1.45701 -1.17404 -1.28277 
-0.354454 -0.527876 0.494417 1.22411 -0.119756 0.325503 -0.612285 -0.591814 -0.316445 -0.903075 -0.740834 -0.740835 -2.4373 -0.0818276 0.807719 1.50546 2.65327 0.424995 
-1.01281 0.592989 -1.66404 0.84653 -1.49256 -1.77236 -1.04877 -1.37151 3.90623 -0.99881 -0.972586 -0.972586 -1.50458 -1.25056 -1.04678 -0.593665 -0.214552 -0.300188 
-0.700379 -0.566541 -1.56628 1.61853 -1.41179 -1.65121 -1.03439 -1.35071 2.71925 -0.971461 -0.964534 -0.964534 -2.25835 -1.08719 -0.65658 0.268119 1.05031 0.531622 
-0.66937 -0.0501678 0.388154 1.18755 -0.550739 -0.0649466 -0.631317 -0.482612 -0.326789 -0.789763 -0.686362 -0.686362 -1.78845 -1.08516 -0.775961 -0.116976 0.400953 -0.420524 
-0.981105 0.672876 -1.35509 0.878747 -1.2595 -1.25256 -0.970146 -1.16667 0.398722 -0.956551 -0.902636 -0.902636 -1.31606 -1.16699 -0.982695 -1.0831 -0.779704 -0.766361 
-1.01343 0.701645 -1.66404 -0.793781 -1.42851 -1.62512 -0.969332 -1.15845 0.386779 -0.523262 -0.557816 -0.557815 -0.904477 -1.27285 -1.18313 -0.750576 -0.530292 0.635869 
0.345493 0.279328 0.735914 0.15355 1.1051 1.18864 1.62715 2.25981 -0.538912 0.593553 0.646372 0.646372 0.63764 1.20316 0.98824 -1.07235 -1.09626 -0.359975 
0.438723 -0.019616 0.735914 -1.16815 0.74465 0.678113 0.897337 1.17391 -0.521913 0.791266 0.586661 0.586663 1.09859 1.3726 0.984614 0.389956 0.0156077 0.46831 
-0.4774 0.576782 0.735914 -0.637697 0.0110358 0.686388 0.0255481 0.701613 -0.486574 0.349094 0.253375 0.253375 0.934087 0.088757 -0.160377 -1.32334 -1.33919 -0.767947 
0.82111 -0.950693 0.735914 0.0595249 0.698261 0.323286 0.205785 0.0598375 -0.476059 0.526379 0.319625 0.319625 1.47576 1.17179 0.680014 -0.367434 -0.655509 -0.89156 
-0.179029 0.89691 0.494417 -1.20362 0.263312 0.702241 0.528701 1.2675 -0.518099 1.23549 0.826494 0.826494 0.709609 2.13773 1.85786 2.28687 1.69012 3.38907 
0.866087 0.0996616 0.735914 -1.27223 1.30778 0.893832 -0.57516 -0.859993 -0.360612 -0.60539 -0.507988 -0.507987 0.461149 2.41864 2.24827 2.44996 1.9352 -0.0410417 
-0.835301 1.18021 -1.06288 -1.05675 -0.807052 -0.392418 -0.565467 -0.226972 -0.396534 0.159006 0.145389 0.145391 1.53396 3.70466 2.9026 1.45923 0.738274 4.12662 
-1.02737 0.862301 -1.43763 0.354242 -1.30944 -1.34565 -0.948412 -1.09907 0.203626 -0.882096 -0.862907 -0.862906 0.283604 2.13618 2.05595 1.06244 0.809979 -0.119692 
-1.19175 1.61069 -1.62637 0.177694 -1.4437 -1.61924 -1.02813 -1.29954 1.43863 -1.00235 -0.930353 -0.930353 0.376487 -0.688368 -0.790099 -0.91253 -0.922542 -0.837299 
0.57559 -0.0276998 0.199244 0.251725 0.881792 0.707125 -0.0167038 -0.099346 -0.473434 -0.404284 -0.33258 -0.332579 0.282597 1.95679 1.87677 -0.0119553 -0.124318 0.642932 
0.684952 -0.820735 0.735914 -1.16815 0.670087 0.392965 1.14589 1.27081 -0.520599 1.25393 1.53725 1.53726 0.975797 0.166226 -0.0980139 -0.568751 -0.732018 -0.0886372 
1.45906 -0.146585 0.735914 -1.05675 1.54372 0.658447 2.19258 1.75445 -0.543321 2.74907 2.02244 2.02244 2.5697 -0.685703 -1.12114 -1.48068 -1.59922 -0.452088 
1.63415 -0.825056 1.02573 -0.604817 1.51362 0.522251 2.27573 1.69483 -0.539835 1.0448 1.3785 1.3785 0.86097 -0.348427 -0.555401 -1.29003 -1.30405 -0.855596 
2.31009 -1.1877 0.735914 -0.950934 1.74769 0.331193 1.71665 0.801197 -0.528869 1.93333 1.73637 1.73638 0.886662 1.62215 1.2945 0.32588 0.0144108 -0.989438 
1.07899 -0.59286 0.735914 -1.14405 1.09915 0.528244 0.591549 0.367548 -0.50474 1.41676 0.812666 0.812664 2.10217 -0.951979 -1.28455 -0.735627 -1.02185 -0.643171 
1.56932 -1.75269 0.735914 -0.179897 1.22153 0.324688 0.388036 -0.0462218 -0.472207 1.67072 1.50986 1.50986 2.35892 -0.373854 -0.83849 -0.461875 -0.857594 1.1348 
2.68168 -1.83753 0.735914 -0.467227 1.68946 0.128787 2.89857 1.5165 -0.538129 1.58156 3.41824 3.41824 1.06226 -0.401842 -0.644526 1.0364 0.543764 1.54585 
3.22688 -2.33039 0.735914 -1.05675 1.29179 -0.299528 2.0972 0.694646 -0.521585 2.94412 2.06103 2.06104 1.41531 0.489173 0.0880615 -0.632365 -0.851282 -0.21389 
2.75307 -2.88141 0.735914 -0.240714 0.911165 -0.388076 2.36631 1.0861 -0.517024 2.1502 3.34195 3.34195 1.75584 -0.0158603 -0.432509 -0.191626 -0.56826 1.40485 
1.78357 -0.985419 0.735914 -0.357207 1.17115 0.170461 1.9157 1.25958 -0.533936 1.9319 2.1904 2.1904 1.19395 -1.519 -1.68954 -1.5645 -1.5575 -1.26252 

1 0 0 0 0 0 0 0 0 0 0 0 0 0 0 0 0 0 0 0 
1 0 0 0 0 0 0 0 0 0 0 0 0 0 0 0 0 0 0 0 
1 0 0 0 0 0 0 0 0 0 0 0 0 0 0 0 0 0 0 0 
1 0 0 0 0 0 0 0 0 0 0 0 0 0 0 0 0 0 0 0 
1 0 0 0 0 0 0 0 0 0 0 0 0 0 0 0 0 0 0 0 
1 0 0 0 0 0 0 0 0 0 0 0 0 0 0 0 0 0 0 0 
1 0 0 0 0 0 0 0 0 0 0 0 0 0 0 0 0 0 0 0 
1 0 0 0 0 0 0 0 0 0 0 0 0 0 0 0 0 0 0 0 
1 0 0 0 0 0 0 0 0 0 0 0 0 0 0 0 0 0 0 0 
1 0 0 0 0 0 0 0 0 0 0 0 0 0 0 0 0 0 0 0 
0 1 0 0 0 0 0 0 0 0 0 0 0 0 0 0 0 0 0 0 
0 1 0 0 0 0 0 0 0 0 0 0 0 0 0 0 0 0 0 0 
0 1 0 0 0 0 0 0 0 0 0 0 0 0 0 0 0 0 0 0 
0 1 0 0 0 0 0 0 0 0 0 0 0 0 0 0 0 0 0 0 
0 1 0 0 0 0 0 0 0 0 0 0 0 0 0 0 0 0 0 0 
0 1 0 0 0 0 0 0 0 0 0 0 0 0 0 0 0 0 0 0 
0 1 0 0 0 0 0 0 0 0 0 0 0 0 0 0 0 0 0 0 
0 1 0 0 0 0 0 0 0 0 0 0 0 0 0 0 0 0 0 0 
0 1 0 0 0 0 0 0 0 0 0 0 0 0 0 0 0 0 0 0 
0 1 0 0 0 0 0 0 0 0 0 0 0 0 0 0 0 0 0 0 
0 0 1 0 0 0 0 0 0 0 0 0 0 0 0 0 0 0 0 0 
0 0 1 0 0 0 0 0 0 0 0 0 0 0 0 0 0 0 0 0 
0 0 1 0 0 0 0 0 0 0 0 0 0 0 0 0 0 0 0 0 
0 0 1 0 0 0 0 0 0 0 0 0 0 0 0 0 0 0 0 0 
0 0 1 0 0 0 0 0 0 0 0 0 0 0 0 0 0 0 0 0 
0 0 1 0 0 0 0 0 0 0 0 0 0 0 0 0 0 0 0 0 
0 0 1 0 0 0 0 0 0 0 0 0 0 0 0 0 0 0 0 0 
0 0 1 0 0 0 0 0 0 0 0 0 0 0 0 0 0 0 0 0 
0 0 1 0 0 0 0 0 0 0 0 0 0 0 0 0 0 0 0 0 
0 0 1 0 0 0 0 0 0 0 0 0 0 0 0 0 0 0 0 0 
0 0 0 1 0 0 0 0 0 0 0 0 0 0 0 0 0 0 0 0 
0 0 0 1 0 0 0 0 0 0 0 0 0 0 0 0 0 0 0 0 
0 0 0 1 0 0 0 0 0 0 0 0 0 0 0 0 0 0 0 0 
0 0 0 1 0 0 0 0 0 0 0 0 0 0 0 0 0 0 0 0 
0 0 0 1 0 0 0 0 0 0 0 0 0 0 0 0 0 0 0 0 
0 0 0 1 0 0 0 0 0 0 0 0 0 0 0 0 0 0 0 0 
0 0 0 1 0 0 0 0 0 0 0 0 0 0 0 0 0 0 0 0 
0 0 0 1 0 0 0 0 0 0 0 0 0 0 0 0 0 0 0 0 
0 0 0 1 0 0 0 0 0 0 0 0 0 0 0 0 0 0 0 0 
0 0 0 1 0 0 0 0 0 0 0 0 0 0 0 0 0 0 0 0 
0 0 0 0 1 0 0 0 0 0 0 0 0 0 0 0 0 0 0 0 
0 0 0 0 1 0 0 0 0 0 0 0 0 0 0 0 0 0 0 0 
0 0 0 0 1 0 0 0 0 0 0 0 0 0 0 0 0 0 0 0 
0 0 0 0 1 0 0 0 0 0 0 0 0 0 0 0 0 0 0 0 
0 0 0 0 1 0 0 0 0 0 0 0 0 0 0 0 0 0 0 0 
0 0 0 0 1 0 0 0 0 0 0 0 0 0 0 0 0 0 0 0 
0 0 0 0 1 0 0 0 0 0 0 0 0 0 0 0 0 0 0 0 
0 0 0 0 1 0 0 0 0 0 0 0 0 0 0 0 0 0 0 0 
0 0 0 0 1 0 0 0 0 0 0 0 0 0 0 0 0 0 0 0 
0 0 0 0 1 0 0 0 0 0 0 0 0 0 0 0 0 0 0 0 
0 0 0 0 0 1 0 0 0 0 0 0 0 0 0 0 0 0 0 0 
0 0 0 0 0 1 0 0 0 0 0 0 0 0 0 0 0 0 0 0 
0 0 0 0 0 1 0 0 0 0 0 0 0 0 0 0 0 0 0 0 
0 0 0 0 0 1 0 0 0 0 0 0 0 0 0 0 0 0 0 0 
0 0 0 0 0 1 0 0 0 0 0 0 0 0 0 0 0 0 0 0 
0 0 0 0 0 1 0 0 0 0 0 0 0 0 0 0 0 0 0 0 
0 0 0 0 0 1 0 0 0 0 0 0 0 0 0 0 0 0 0 0 
0 0 0 0 0 1 0 0 0 0 0 0 0 0 0 0 0 0 0 0 
0 0 0 0 0 1 0 0 0 0 0 0 0 0 0 0 0 0 0 0 
0 0 0 0 0 1 0 0 0 0 0 0 0 0 0 0 0 0 0 0 
0 0 0 0 0 0 1 0 0 0 0 0 0 0 0 0 0 0 0 0 
0 0 0 0 0 0 1 0 0 0 0 0 0 0 0 0 0 0 0 0 
0 0 0 0 0 0 1 0 0 0 0 0 0 0 0 0 0 0 0 0 
0 0 0 0 0 0 1 0 0 0 0 0 0 0 0 0 0 0 0 0 
0 0 0 0 0 0 1 0 0 0 0 0 0 0 0 0 0 0 0 0 
0 0 0 0 0 0 1 0 0 0 0 0 0 0 0 0 0 0 0 0 
0 0 0 0 0 0 1 0 0 0 0 0 0 0 0 0 0 0 0 0 
0 0 0 0 0 0 1 0 0 0 0 0 0 0 0 0 0 0 0 0 
0 0 0 0 0 0 1 0 0 0 0 0 0 0 0 0 0 0 0 0 
0 0 0 0 0 0 1 0 0 0 0 0 0 0 0 0 0 0 0 0 
0 0 0 0 0 0 0 1 0 0 0 0 0 0 0 0 0 0 0 0 
0 0 0 0 0 0 0 1 0 0 0 0 0 0 0 0 0 0 0 0 
0 0 0 0 0 0 0 1 0 0 0 0 0 0 0 0 0 0 0 0 
0 0 0 0 0 0 0 1 0 0 0 0 0 0 0 0 0 0 0 0 
0 0 0 0 0 0 0 1 0 0 0 0 0 0 0 0 0 0 0 0 
0 0 0 0 0 0 0 1 0 0 0 0 0 0 0 0 0 0 0 0 
0 0 0 0 0 0 0 1 0 0 0 0 0 0 0 0 0 0 0 0 
0 0 0 0 0 0 0 1 0 0 0 0 0 0 0 0 0 0 0 0 
0 0 0 0 0 0 0 1 0 0 0 0 0 0 0 0 0 0 0 0 
0 0 0 0 0 0 0 1 0 0 0 0 0 0 0 0 0 0 0 0 
0 0 0 0 0 0 0 0 1 0 0 0 0 0 0 0 0 0 0 0 
0 0 0 0 0 0 0 0 1 0 0 0 0 0 0 0 0 0 0 0 
0 0 0 0 0 0 0 0 1 0 0 0 0 0 0 0 0 0 0 0 
0 0 0 0 0 0 0 0 1 0 0 0 0 0 0 0 0 0 0 0 
0 0 0 0 0 0 0 0 1 0 0 0 0 0 0 0 0 0 0 0 
0 0 0 0 0 0 0 0 1 0 0 0 0 0 0 0 0 0 0 0 
0 0 0 0 0 0 0 0 1 0 0 0 0 0 0 0 0 0 0 0 
0 0 0 0 0 0 0 0 1 0 0 0 0 0 0 0 0 0 0 0 
0 0 0 0 0 0 0 0 1 0 0 0 0 0 0 0 0 0 0 0 
0 0 0 0 0 0 0 0 1 0 0 0 0 0 0 0 0 0 0 0 
0 0 0 0 0 0 0 0 0 1 0 0 0 0 0 0 0 0 0 0 
0 0 0 0 0 0 0 0 0 1 0 0 0 0 0 0 0 0 0 0 
0 0 0 0 0 0 0 0 0 1 0 0 0 0 0 0 0 0 0 0 
0 0 0 0 0 0 0 0 0 1 0 0 0 0 0 0 0 0 0 0 
0 0 0 0 0 0 0 0 0 1 0 0 0 0 0 0 0 0 0 0 
0 0 0 0 0 0 0 0 0 1 0 0 0 0 0 0 0 0 0 0 
0 0 0 0 0 0 0 0 0 1 0 0 0 0 0 0 0 0 0 0 
0 0 0 0 0 0 0 0 0 1 0 0 0 0 0 0 0 0 0 0 
0 0 0 0 0 0 0 0 0 1 0 0 0 0 0 0 0 0 0 0 
0 0 0 0 0 0 0 0 0 1 0 0 0 0 0 0 0 0 0 0 
0 0 0 0 0 0 0 0 0 0 1 0 0 0 0 0 0 0 0 0 
0 0 0 0 0 0 0 0 0 0 1 0 0 0 0 0 0 0 0 0 
0 0 0 0 0 0 0 0 0 0 1 0 0 0 0 0 0 0 0 0 
0 0 0 0 0 0 0 0 0 0 1 0 0 0 0 0 0 0 0 0 
0 0 0 0 0 0 0 0 0 0 1 0 0 0 0 0 0 0 0 0 
0 0 0 0 0 0 0 0 0 0 1 0 0 0 0 0 0 0 0 0 
0 0 0 0 0 0 0 0 0 0 1 0 0 0 0 0 0 0 0 0 
0 0 0 0 0 0 0 0 0 0 1 0 0 0 0 0 0 0 0 0 
0 0 0 0 0 0 0 0 0 0 1 0 0 0 0 0 0 0 0 0 
0 0 0 0 0 0 0 0 0 0 1 0 0 0 0 0 0 0 0 0 
0 0 0 0 0 0 0 0 0 0 0 1 0 0 0 0 0 0 0 0 
0 0 0 0 0 0 0 0 0 0 0 1 0 0 0 0 0 0 0 0 
0 0 0 0 0 0 0 0 0 0 0 1 0 0 0 0 0 0 0 0 
0 0 0 0 0 0 0 0 0 0 0 1 0 0 0 0 0 0 0 0 
0 0 0 0 0 0 0 0 0 0 0 1 0 0 0 0 0 0 0 0 
0 0 0 0 0 0 0 0 0 0 0 1 0 0 0 0 0 0 0 0 
0 0 0 0 0 0 0 0 0 0 0 1 0 0 0 0 0 0 0 0 
0 0 0 0 0 0 0 0 0 0 0 1 0 0 0 0 0 0 0 0 
0 0 0 0 0 0 0 0 0 0 0 1 0 0 0 0 0 0 0 0 
0 0 0 0 0 0 0 0 0 0 0 1 0 0 0 0 0 0 0 0 
0 0 0 0 0 0 0 0 0 0 0 0 1 0 0 0 0 0 0 0 
0 0 0 0 0 0 0 0 0 0 0 0 1 0 0 0 0 0 0 0 
0 0 0 0 0 0 0 0 0 0 0 0 1 0 0 0 0 0 0 0 
0 0 0 0 0 0 0 0 0 0 0 0 1 0 0 0 0 0 0 0 
0 0 0 0 0 0 0 0 0 0 0 0 1 0 0 0 0 0 0 0 
0 0 0 0 0 0 0 0 0 0 0 0 1 0 0 0 0 0 0 0 
0 0 0 0 0 0 0 0 0 0 0 0 1 0 0 0 0 0 0 0 
0 0 0 0 0 0 0 0 0 0 0 0 1 0 0 0 0 0 0 0 
0 0 0 0 0 0 0 0 0 0 0 0 1 0 0 0 0 0 0 0 
0 0 0 0 0 0 0 0 0 0 0 0 1 0 0 0 0 0 0 0 
0 0 0 0 0 0 0 0 0 0 0 0 0 1 0 0 0 0 0 0 
0 0 0 0 0 0 0 0 0 0 0 0 0 1 0 0 0 0 0 0 
0 0 0 0 0 0 0 0 0 0 0 0 0 1 0 0 0 0 0 0 
0 0 0 0 0 0 0 0 0 0 0 0 0 1 0 0 0 0 0 0 
0 0 0 0 0 0 0 0 0 0 0 0 0 1 0 0 0 0 0 0 
0 0 0 0 0 0 0 0 0 0 0 0 0 1 0 0 0 0 0 0 
0 0 0 0 0 0 0 0 0 0 0 0 0 1 0 0 0 0 0 0 
0 0 0 0 0 0 0 0 0 0 0 0 0 1 0 0 0 0 0 0 
0 0 0 0 0 0 0 0 0 0 0 0 0 1 0 0 0 0 0 0 
0 0 0 0 0 0 0 0 0 0 0 0 0 1 0 0 0 0 0 0 
0 0 0 0 0 0 0 0 0 0 0 0 0 0 1 0 0 0 0 0 
0 0 0 0 0 0 0 0 0 0 0 0 0 0 1 0 0 0 0 0 
0 0 0 0 0 0 0 0 0 0 0 0 0 0 1 0 0 0 0 0 
0 0 0 0 0 0 0 0 0 0 0 0 0 0 1 0 0 0 0 0 
0 0 0 0 0 0 0 0 0 0 0 0 0 0 1 0 0 0 0 0 
0 0 0 0 0 0 0 0 0 0 0 0 0 0 1 0 0 0 0 0 
0 0 0 0 0 0 0 0 0 0 0 0 0 0 1 0 0 0 0 0 
0 0 0 0 0 0 0 0 0 0 0 0 0 0 1 0 0 0 0 0 
0 0 0 0 0 0 0 0 0 0 0 0 0 0 1 0 0 0 0 0 
0 0 0 0 0 0 0 0 0 0 0 0 0 0 1 0 0 0 0 0 
0 0 0 0 0 0 0 0 0 0 0 0 0 0 0 1 0 0 0 0 
0 0 0 0 0 0 0 0 0 0 0 0 0 0 0 1 0 0 0 0 
0 0 0 0 0 0 0 0 0 0 0 0 0 0 0 1 0 0 0 0 
0 0 0 0 0 0 0 0 0 0 0 0 0 0 0 1 0 0 0 0 
0 0 0 0 0 0 0 0 0 0 0 0 0 0 0 1 0 0 0 0 
0 0 0 0 0 0 0 0 0 0 0 0 0 0 0 1 0 0 0 0 
0 0 0 0 0 0 0 0 0 0 0 0 0 0 0 1 0 0 0 0 
0 0 0 0 0 0 0 0 0 0 0 0 0 0 0 1 0 0 0 0 
0 0 0 0 0 0 0 0 0 0 0 0 0 0 0 1 0 0 0 0 
0 0 0 0 0 0 0 0 0 0 0 0 0 0 0 1 0 0 0 0 
0 0 0 0 0 0 0 0 0 0 0 0 0 0 0 0 1 0 0 0 
0 0 0 0 0 0 0 0 0 0 0 0 0 0 0 0 1 0 0 0 
0 0 0 0 0 0 0 0 0 0 0 0 0 0 0 0 1 0 0 0 
0 0 0 0 0 0 0 0 0 0 0 0 0 0 0 0 1 0 0 0 
0 0 0 0 0 0 0 0 0 0 0 0 0 0 0 0 1 0 0 0 
0 0 0 0 0 0 0 0 0 0 0 0 0 0 0 0 1 0 0 0 
0 0 0 0 0 0 0 0 0 0 0 0 0 0 0 0 1 0 0 0 
0 0 0 0 0 0 0 0 0 0 0 0 0 0 0 0 1 0 0 0 
0 0 0 0 0 0 0 0 0 0 0 0 0 0 0 0 1 0 0 0 
0 0 0 0 0 0 0 0 0 0 0 0 0 0 0 0 1 0 0 0 
0 0 0 0 0 0 0 0 0 0 0 0 0 0 0 0 0 1 0 0 
0 0 0 0 0 0 0 0 0 0 0 0 0 0 0 0 0 1 0 0 
0 0 0 0 0 0 0 0 0 0 0 0 0 0 0 0 0 1 0 0 
0 0 0 0 0 0 0 0 0 0 0 0 0 0 0 0 0 1 0 0 
0 0 0 0 0 0 0 0 0 0 0 0 0 0 0 0 0 1 0 0 
0 0 0 0 0 0 0 0 0 0 0 0 0 0 0 0 0 1 0 0 
0 0 0 0 0 0 0 0 0 0 0 0 0 0 0 0 0 1 0 0 
0 0 0 0 0 0 0 0 0 0 0 0 0 0 0 0 0 1 0 0 
0 0 0 0 0 0 0 0 0 0 0 0 0 0 0 0 0 1 0 0 
0 0 0 0 0 0 0 0 0 0 0 0 0 0 0 0 0 1 0 0 
0 0 0 0 0 0 0 0 0 0 0 0 0 0 0 0 0 0 1 0 
0 0 0 0 0 0 0 0 0 0 0 0 0 0 0 0 0 0 1 0 
0 0 0 0 0 0 0 0 0 0 0 0 0 0 0 0 0 0 1 0 
0 0 0 0 0 0 0 0 0 0 0 0 0 0 0 0 0 0 1 0 
0 0 0 0 0 0 0 0 0 0 0 0 0 0 0 0 0 0 1 0 
0 0 0 0 0 0 0 0 0 0 0 0 0 0 0 0 0 0 1 0 
0 0 0 0 0 0 0 0 0 0 0 0 0 0 0 0 0 0 1 0 
0 0 0 0 0 0 0 0 0 0 0 0 0 0 0 0 0 0 1 0 
0 0 0 0 0 0 0 0 0 0 0 0 0 0 0 0 0 0 1 0 
0 0 0 0 0 0 0 0 0 0 0 0 0 0 0 0 0 0 1 0 
0 0 0 0 0 0 0 0 0 0 0 0 0 0 0 0 0 0 0 1 
0 0 0 0 0 0 0 0 0 0 0 0 0 0 0 0 0 0 0 1 
0 0 0 0 0 0 0 0 0 0 0 0 0 0 0 0 0 0 0 1 
0 0 0 0 0 0 0 0 0 0 0 0 0 0 0 0 0 0 0 1 
0 0 0 0 0 0 0 0 0 0 0 0 0 0 0 0 0 0 0 1 
0 0 0 0 0 0 0 0 0 0 0 0 0 0 0 0 0 0 0 1 
0 0 0 0 0 0 0 0 0 0 0 0 0 0 0 0 0 0 0 1 
0 0 0 0 0 0 0 0 0 0 0 0 0 0 0 0 0 0 0 1 
0 0 0 0 0 0 0 0 0 0 0 0 0 0 0 0 0 0 0 1 
0 0 0 0 0 0 0 0 0 0 0 0 0 0 0 0 0 0 0 1 

-2.1624 9.34974 4.38054 -4.13678 -0.110625 0.992318 -1.05663 6.83412 -5.40661 -0.829482 -5.33594 2.04943 1.25121 -5.88968 -2.58319 -5.4402 11.4138 -2.44601 3.64864 -0.102482 
-6.63529 0.451496 4.3452 7.18818 -1.66043 4.32334 -7.63816 4.32272 6.59434 6.95879 4.64996 -4.78433 9.61496 5.25398 -4.03193 4.67613 -1.73815 6.48767 -0.429004 2.6161 
0.252679 1.72175 -11.9713 -1.34455 3.45007 -13.2784 -4.72782 8.7938 -5.62763 -8.56181 14.5758 -2.48402 3.5752 5.68331 -5.09069 1.60445 -2.80277 8.55308 11.9283 2.06667 
5.76787 -3.30837 4.8549 2.11455 0.232714 -3.10181 1.0254 3.47425 -7.59525 1.79589 3.63773 4.38173 0.160815 1.72184 -1.55328 -1.83796 0.568591 -4.46498 -3.85004 -3.2709 
3.52061 -0.256705 0.270303 -8.17706 -2.52768 -4.69855 -3.00496 -2.80334 4.61907 -6.16535 -5.34593 7.65592 4.37879 -8.09205 -6.43004 3.04322 4.36191 2.10148 -1.25307 -15.6648 
4.01219 -0.754511 -4.86862 -0.642949 -0.34894 2.01921 -11.5667 3.69322 2.1416 -3.40493 10.5532 3.97944 9.08832 3.48466 -4.40241 -0.388537 -2.76595 -0.19801 5.74475 -2.66962 
0.840948 3.36362 -8.90944 -2.69712 -5.53099 -1.2019 1.62513 4.60556 3.02257 -1.45927 -4.85739 2.07979 7.33597 -0.373786 -4.54577 -3.5906 0.801571 6.50683 5.67755 2.34737 
6.49593 0.926136 6.08458 -4.14581 -6.08391 0.0720209 4.46086 -1.8556 -3.40951 7.46778 4.34573 -1.48821 -1.53577 4.31757 -3.12613 -4.02542 -4.10447 -1.88463 -3.05312 -6.03421 
2.70186 2.2321 1.31583 -5.81542 2.82043 -2.41851 10.0286 -7.90575 5.71062 -2.95221 -6.70884 -0.683809 -3.95753 3.65309 1.37152 -10.3545 1.60904 -12.0647 0.969325 3.41353 
12.3447 1.40802 -6.79752 7.6003 -5.75044 -8.45449 -1.77493 -4.5454 1.80097 -1.28055 -0.821349 2.51932 -4.69396 9.18659 -5.06644 1.30183 -3.0721 -0.988759 1.21438 0.154879 
-2.66588 -1.06296 -10.4091 6.8953 6.19275 -5.76778 1.60985 -4.12122 4.80401 -1.58015 -0.229495 1.70736 6.50001 4.0134 -3.62894 -7.3191 5.18419 1.48515 -13.6661 1.51997 
-9.76304 -1.37084 -1.80154 6.07949 4.59211 6.43012 0.396164 -3.66791 -2.61249 -2.46716 -0.492622 3.92649 0.471953 0.7926 -2.27743 1.98611 -4.51443 8.99628 2.6008 -1.71308 
-8.47597 0.562865 -0.931965 4.70316 2.94289 4.46831 -0.769361 -3.48738 -2.21186 -2.01256 -1.40091 2.85719 1.38009 1.16878 -2.15243 0.947717 -4.90812 9.63785 2.51514 -1.63204 
1.80409 10.1104 6.42721 -3.31911 -19.8952 14.7767 -7.39134 3.50174 -3.27424 -5.94947 4.38098 3.36862 -7.71548 0.933615 9.23986 -0.116557 3.8262 12.2076 7.79594 -9.71203 
-5.69479 0.390058 7.95991 -10.0969 -2.49119 3.16596 -1.62943 1.17469 4.65441 -4.84749 7.87992 -7.69694 6.66862 1.01581 3.02284 4.31292 -3.57517 5.46987 0.18379 -3.28778 
-0.280428 -1.90699 7.20428 0.140819 0.872184 -2.26225 -0.739244 -1.68697 5.95725 -3.84573 0.876588 -10.9044 5.89571 1.94496 3.91658 -0.169498 -5.50424 -5.66244 5.90529 4.14843 
-2.30546 7.01877 -4.89876 2.35414 -6.11492 6.96841 1.34144 9.94796 2.39918 3.88552 2.29147 -2.70277 -1.21324 1.45643 4.69685 1.78998 2.16263 2.32551 -4.27015 -4.05157 
1.47387 2.60571 -0.229354 6.38928 2.41928 3.69531 -0.180659 6.64112 1.277 0.556753 -6.74214 0.029899 1.84869 6.61535 0.432942 -2.36327 -2.45612 0.043354 -0.0165463 3.00033 
5.65957 0.518591 -1.2063 -0.415948 1.46708 -6.15522 -1.37589 5.35531 1.63699 -1.97205 -0.409108 -6.01502 -4.08964 6.05098 -5.62624 5.25054 -0.877256 -6.44339 1.89915 2.92609 

-9.11845 -3.6022 -3.46764 -5.32755 -9.40049 -2.18142 -7.58976 -8.96676 -11.1404 -11.4526 -9.12813 -2.06856 -9.87469 -9.87223 -6.83729 -16.2016 -3.90177 -13.1034 -6.98191 -10.5004 
16.4514 -5.7471 -12.1334 8.04805 -9.84451 -11.137 -2.89019 0.842444 -2.80698 0.183044 -1.39095 -9.82096 -18.1348 2.82375 6.12562 -3.19053 -9.85406 13.5896 -17.4809 -5.98535 
-3.96078 3.56357 -4.67061 13.1512 -18.5319 -6.44402 -22.1339 -1.91796 3.97768 -0.897121 2.53584 15.7581 -0.695516 -5.33839 4.07246 -3.19514 8.88595 -12.3787 -3.14334 1.71796 
-0.81591 -14.3716 12.0171 -14.2911 -9.50506 2.77305 12.6654 -14.0822 6.44465 -11.1102 -11.1895 6.35449 7.77004 -18.2323 5.29107 4.75533 -17.4424 -7.01333 -7.25514 -0.932473 
-4.21189 -14.6492 7.01386 -11.477 10.0683 4.51494 -6.91599 5.83491 -0.0392704 2.7551 0.769301 -15.931 -14.693 15.9395 -13.2772 -10.9625 11.2671 -7.07811 -10.4716 7.16053 
9.70839 7.62593 -2.80112 10.5351 3.53661 4.94748 -4.09548 -23.5673 -1.68221 -12.6994 -12.5422 5.79336 -6.54433 1.75039 -17.1207 4.30531 -1.26147 3.67587 -15.5132 -16.1311 
5.60852 -6.65046 4.97589 4.38357 -2.86486 -1.14294 9.26425 -12.9798 22.033 -24.1953 22.4803 -10.7162 0.448502 -5.67129 0.189486 2.93874 -16.4939 -4.95477 -7.45218 -1.51881 
-22.6866 -1.41312 -3.36735 -3.49118 -2.82204 5.16979 3.50666 -12.0445 11.4302 3.21044 -10.4668 -20.0907 0.845395 2.66351 3.40326 7.31027 -0.69911 6.64672 -0.450508 -6.37324 
3.13522 -9.75935 18.3329 -19.7705 16.8627 -6.5643 -8.9871 3.55994 5.68808 10.3451 -5.9268 -2.77303 5.77693 7.16973 0.0484261 1.3304 7.35858 -7.39813 -13.7415 -12.3655 
-14.7899 -0.408921 -10.4293 -2.67736 -9.54174 10.36 2.38586 11.946 -9.36178 2.0655 -19.4693 -4.03508 -1.39939 -10.8622 -12.8662 16.5876 0.558152 -3.8668 14.7934 -8.87271 
-11.4322 7.22566 -14.3081 -28.4518 -9.17461 5.46267 6.10831 11.3231 -10.316 -12.4471 12.6205 -3.58825 -5.15574 -0.579537 -0.582995 -13.3045 6.94745 7.71409 -7.35069 8.87016 
14.5962 7.38484 1.44807 -9.68548 -6.93752 -10.9325 -1.84031 9.43041 -1.91113 -4.47149 -8.14725 -8.08626 -9.44663 4.9701 -3.02471 -21.7308 -1.57063 -2.08075 16.9235 -0.579711 
-12.526 -16.8016 9.35724 -0.891054 -1.25578 -6.44453 -4.30908 -10.8413 -11.5099 -6.40797 -16.0928 12.297 -14.5656 3.00804 7.59162 10.6632 1.00944 -7.25819 6.6877 -0.583486 
6.096 -11.641 -20.7624 20.4988 3.14809 -9.27559 -6.02855 1.12684 -4.96995 2.69209 -8.93719 -8.74583 18.2016 -3.78599 7.97701 -6.02392 -5.84066 4.06883 -10.9945 9.25218 
-3.9401 4.34532 5.95493 -8.88541 -8.24095 1.68106 -10.9787 -14.2761 -22.3297 18.304 -3.05086 13.2731 -15.2508 -2.38699 2.29575 -5.59357 -5.90355 -7.69385 -1.5304 9.77858 
-6.23318 -18.9715 -1.24127 5.53915 -2.91161 -8.84498 -2.52389 16.1664 -11.281 -0.982384 4.33207 3.72292 -9.35652 1.02707 7.44543 1.94713 7.13803 -9.59896 9.79329 -6.86083 
-3.14093 -1.46769 -12.7177 -8.77809 12.0635 -17.6711 -1.62023 -14.2557 6.31842 12.4375 -7.08982 -11.5483 1.89331 -5.61081 -1.65127 -17.3775 4.01692 1.45837 2.28475 -5.68453 
0.730702 12.8553 -15.4421 -7.10328 -6.35167 -5.63173 5.11138 6.17311 -1.02432 2.98257 -8.23474 -15.617 -0.263392 -21.2206 -5.94263 -1.13411 0.549377 -4.07409 -18.004 -1.74151 
-6.46587 15.9877 4.606 2.7943 -11.0837 -9.40653 -4.47404 -2.6576 -22.093 6.77622 9.62909 -22.3251 23.1656 14.3008 -12.4467 -12.7484 -6.66873 -4.50465 2.77141 -4.06566 
-3.38569 2.39832 -1.91581 -15.3132 15.0377 -2.89078 -3.57408 -8.60263 4.42461 6.49373 13.0365 10.7386 -13.0942 -6.83358 -23.3734 10.5072 -15.7762 -13.599 14.3915 -4.33065 
-10.8633 -7.70594 -13.1588 19.3278 -1.61692 3.6948 0.354912 11.5494 -10.5926 -25.3897 5.5977 5.72827 -6.07332 0.944933 4.06291 2.7395 -16.5166 11.9005 1.3544 -8.1746 

253.484 0.00618782 747.76 113.882 197.14 72.0352 141.441 0.47716 6.46192 0.209338 0.530388 0.176796 39.1761 3.07974 7.88037 0.434765 1.12991 0.0459897 
104.387 0.00102056 345.842 26.2591 125.826 37.0783 132.065 0.333427 11.1862 0.201433 0.524745 0.174915 4.26991 1.23804 3.06112 0.164367 0.467892 0.0276832 
