400 18 40 40 0.0021837 0.07426 100000000

255.316 0.00453102 1002.27 191.739 175.493 68.7355 29.7029 0.116338 7.43028 0.0283706 0.0742611 0.0247537 38.7074 3.12911 8.08399 0.29918 0.772927 0.0275781 
268.59 0.00432173 1002.27 170.93 184.466 68.6792 59.5307 0.221641 3.88689 0.054245 0.151111 0.0503704 36.978 2.40986 6.51702 0.392589 1.06168 0.0482982 
187.25 0.00535795 202.294 156.383 10.1486 5.41982 7.17263 0.0383051 26.0209 0.0138815 0.050786 0.0169287 40.9193 4.22914 10.3353 0.55917 1.36652 0.100102 
209.748 0.00483071 232.105 162.132 22.6334 10.7908 3.66086 0.0174536 56.5465 0.00593331 0.0187763 0.00625877 39.3985 3.5924 9.1181 0.315272 0.800212 0.0324259 
198.056 0.00539416 459.375 152.069 69.6034 35.1434 34.4215 0.173797 5.38575 0.0219889 0.108177 0.0360589 42.4884 3.28538 7.73242 0.496038 1.16747 0.0384695 
219.977 0.00466868 416.038 198.649 47.9543 21.7997 26.8683 0.122142 7.97196 0.0512065 0.143888 0.0479628 39.5185 2.21102 5.59491 0.255122 0.645577 0.0189682 
177.167 0.00587302 334.091 147.987 45.3141 25.5771 33.7391 0.190437 5.04667 0.111197 0.234234 0.0780781 40.762 2.13212 5.23065 0.396909 0.973723 0.0532722 
245.422 0.00452134 816.667 111.929 124.513 50.7344 42.4048 0.172783 5.21576 0.10474 0.25745 0.0858167 37.0404 3.14779 8.49825 0.460964 1.24449 0.0285934 
185.463 0.0054263 210 167.045 14.7983 7.97911 2.26077 0.0121899 81.5155 0.00595487 0.0116079 0.00386931 39.1866 1.32464 3.38034 0.152669 0.389596 0.0241138 
168.267 0.00596491 191.739 154.196 10.2717 6.10445 4.35248 0.0258666 38.5176 0.0103401 0.0268343 0.00894475 38.6596 2.55439 6.60739 0.243464 0.629762 0.0199933 

139.639 0.00718615 152.069 129.706 8.26976 5.92223 4.11167 0.0294449 33.8443 0.0174904 0.0357621 0.0119207 32.7493 2.11586 6.46078 0.34521 1.0541 0.0326818 
154.033 0.00794475 816.667 86.1328 145.146 94.2301 38.0509 0.247031 3.30792 0.0386265 0.11588 0.0386265 33.7825 1.78468 5.28285 0.32416 0.959551 0.0400097 
198.233 0.00710506 1102.5 106.522 241.945 122.051 145.223 0.732586 0.969162 0.0525725 0.277905 0.092635 29.5983 3.0508 10.3074 0.415823 1.40489 0.0753397 
149.161 0.00886848 816.667 93.038 157.219 105.402 101.385 0.679702 1.11218 0.164344 0.504276 0.168092 31.4544 3.31341 10.534 0.43365 1.37866 0.0743537 
250.969 0.00748947 1102.5 103.037 327.853 130.635 224.925 0.896229 0.593623 0.224291 0.479383 0.159794 30.7554 3.40726 11.0786 0.547307 1.77955 0.0490256 
118.362 0.00890023 262.5 99.7738 37.9556 32.0674 24.3079 0.205369 4.62224 0.100382 0.220564 0.0735214 27.4043 1.81092 6.60815 0.284641 1.03867 0.0433638 
279.731 0.00712134 1102.5 81.9703 320.15 114.449 299.968 1.07234 0.468127 0.263942 0.897943 0.299314 27.9182 3.55377 12.7292 0.760199 2.72295 0.0927354 
257.882 0.00775888 1102.5 98.8789 331.681 128.617 256.857 0.996024 0.501776 0.255869 0.559377 0.186459 27.304 2.17218 7.95553 0.745861 2.73169 0.0359097 
109.435 0.00929057 150 86.4706 14.5547 13.2999 8.67128 0.0792371 12.4129 0.0466667 0.12285 0.0409499 27.6112 4.01325 14.5348 0.857652 3.10617 0.155624 
481.735 0.00620181 1102.5 86.1328 455.499 94.554 345.314 0.716813 0.466947 0.479525 0.998903 0.332968 28.9285 4.2938 14.8428 0.538935 1.86299 0.136511 

170.177 0.00717425 1002.27 80.7692 167.011 98.1396 72.9028 0.428394 1.91196 0.0821785 0.175156 0.0583853 48.322 1.13601 2.35092 0.127901 0.264685 0.0172959 
285.978 0.00592867 918.75 129.706 292.006 102.108 335.591 1.17349 0.502611 0.374826 1.27577 0.425256 47.9073 1.6688 3.48339 0.195261 0.407581 0.032864 
306.892 0.00574074 1002.27 125.284 310.272 101.101 278.224 0.906584 0.626092 0.295221 0.700221 0.233407 48.1557 1.39425 2.89529 0.162969 0.338421 0.0265527 
142.497 0.00703231 151.027 132.036 6.42423 4.50834 2.27155 0.015941 62.6009 0.0113933 0.0175045 0.00583482 48.9571 0.910088 1.85895 0.113516 0.231869 0.00778639 
283.402 0.00598186 1002.27 119.837 294.839 104.035 180.404 0.636564 0.926655 0.224587 0.500108 0.166703 47.2257 1.05086 2.22519 0.130566 0.276472 0.0131469 
200.65 0.00698762 1002.27 117.287 231.478 115.364 74.4425 0.371007 1.92243 0.0279803 0.105024 0.0350081 47.7918 3.9666 8.29975 0.256563 0.536834 0.0173281 
202.261 0.0062585 787.5 143.182 176.484 87.2552 60.0397 0.296842 2.66128 0.0355072 0.107246 0.0357488 48.4648 0.95862 1.97797 0.146562 0.30241 0.00438398 
152.267 0.00701058 334.091 129.706 55.0064 36.1249 19.9768 0.131196 7.14035 0.021186 0.0769811 0.0256604 45.0403 0.587684 1.30479 0.10432 0.231613 0.00842247 
202.182 0.00758503 1002.27 84.1603 243.529 120.45 106.599 0.527243 1.23677 0.135277 0.384454 0.128151 48.5705 2.12568 4.37649 0.208115 0.42848 0.0384501 
365.645 0.00529316 1002.27 93.8298 348.285 95.2521 366.132 1.00133 0.515996 0.376475 1.09884 0.366279 49.1858 0.89939 1.82856 0.105612 0.214721 0.0088953 

257.286 0.00460675 1002.27 101.613 178.153 69.2433 62.2993 0.24214 3.48435 0.146881 0.348034 0.116011 35.3625 2.75807 7.79942 0.675713 1.91082 0.0831121 
358.545 0.00374562 1002.27 200.455 258.874 72.2013 70.6364 0.197009 3.77962 0.0371308 0.105338 0.0351128 36.0816 2.98748 8.27979 0.286481 0.793981 0.0258015 
317.502 0.0038282 1050 190.086 209.12 65.8641 89.3269 0.281342 2.92431 0.0836376 0.187326 0.0624419 33.4669 2.23814 6.68761 0.276771 0.826999 0.0283732 
270.6 0.00457143 918.75 179.268 192.633 71.1874 78.9157 0.291632 2.77194 0.0420274 0.140415 0.046805 37.7794 4.57567 12.1116 0.718256 1.90119 0.0836741 
303.541 0.00465306 1102.5 94.6352 248.27 81.7914 184.376 0.607416 1.16562 0.182527 0.435598 0.145199 37.8393 2.09073 5.52528 0.369391 0.976211 0.0450972 
315.787 0.00400713 882 200.455 219.996 69.6658 150.712 0.477258 1.65584 0.0378011 0.26408 0.0880266 37.9283 3.36245 8.86528 0.626314 1.65131 0.102941 
310.013 0.00414512 918.75 183.75 214.757 69.2736 133.449 0.430465 1.80778 0.201512 0.370308 0.123436 37.4118 2.91959 7.80393 0.626058 1.67342 0.0770913 
324.499 0.00365403 816.667 222.727 177.168 54.5976 90.174 0.277887 3.03491 0.0640426 0.231678 0.0772262 33.2107 3.04945 9.18212 0.62321 1.87653 0.0343236 
295.107 0.0047808 1050 86.4706 260.888 88.4047 92.5885 0.313746 2.25914 0.108237 0.396263 0.132088 36.4774 3.1619 8.66812 0.494282 1.35504 0.0457956 
298.442 0.0046901 882 111.364 237.313 79.5171 244.583 0.819531 0.871751 0.175262 0.875101 0.2917 39.1758 4.37712 11.173 0.80961 2.06661 0.0193744 

237.32 0.00519941 787.5 146.026 161.729 68.1481 80.2377 0.3381 2.397 0.0850772 0.216898 0.0722992 42.8375 6.00037 14.0073 0.720826 1.6827 0.102707 
238.486 0.00604384 882 121.154 218.598 91.6608 107.996 0.45284 1.53207 0.119514 0.270712 0.0902374 42.8485 4.52645 10.5639 0.438896 1.0243 0.0425251 
215.054 0.00498614 450 148.986 69.0437 32.1053 23.8154 0.110741 8.42128 0.0396304 0.0960712 0.0320237 41.5544 5.92069 14.2481 0.359514 0.865165 0.061548 
179.744 0.00557823 193.421 164.552 9.16874 5.10099 5.02222 0.0279409 35.695 0.00995935 0.0211382 0.00704607 35.552 2.51456 7.07292 0.453706 1.27618 0.0534204 
240.535 0.0057099 1102.5 124.576 234.222 97.3756 117.732 0.489457 1.48757 0.162323 0.301819 0.100606 40.1718 4.99593 12.4364 0.648773 1.61499 0.0677622 
294.828 0.00571777 1102.5 113.077 296.272 100.49 253.336 0.859268 0.69036 0.298231 0.744134 0.248045 42.3054 4.11704 9.7317 0.869438 2.05515 0.0380982 
344.424 0.00489148 1102.5 156.383 344.61 100.054 144.933 0.420797 1.41057 0.220106 0.327594 0.109198 43.533 4.49035 10.3148 0.720827 1.65582 0.0945454 
208.183 0.00591459 735 138.679 159.941 76.8271 103.538 0.497339 1.63297 0.0517572 0.230799 0.0769329 41.5462 4.67183 11.2449 0.780688 1.87908 0.0875257 
279.267 0.00471429 918.75 172.266 221.915 79.4636 101.513 0.3635 2.08959 0.138889 0.25012 0.0833734 40.009 3.91557 9.78673 0.545299 1.36294 0.0583296 
185.907 0.0062585 1102.5 140.446 165.019 88.7645 65.2152 0.350795 2.45008 0.0656832 0.149517 0.049839 40.0378 4.02996 10.0654 0.827955 2.06793 0.0734682 

325.537 0.00372127 1050 148.986 201.858 62.0077 133.045 0.408694 2.01981 0.212129 0.461368 0.153789 50.1384 4.42546 8.82649 0.340243 0.678607 0.0506324 
280.187 0.00421517 1002.27 110.804 179.479 64.057 112.038 0.399869 2.11748 0.207651 0.500299 0.166766 50.4129 2.57705 5.11189 0.305869 0.606727 0.0356405 
297.045 0.00367141 416.038 109.158 73.1599 24.6292 20.0213 0.0674017 13.6042 0.0896251 0.263111 0.0877035 47.5355 2.66064 5.59716 0.229982 0.483813 0.0514321 
262.462 0.00395398 459.375 193.421 55.1814 21.0245 15.4034 0.0586882 16.4191 0.0166562 0.0412914 0.0137638 50.2681 4.04196 8.0408 0.339982 0.676338 0.0502278 
373.443 0.00337415 1050 165.789 237.762 63.6677 156.248 0.418398 1.8968 0.156403 0.477667 0.159222 48.8942 4.72104 9.65562 0.487711 0.997481 0.0671438 
230.734 0.00459184 344.531 109.701 49.744 21.559 34.4937 0.149496 6.31355 0.152099 0.368959 0.122986 49.3244 2.48381 5.03567 0.338449 0.68617 0.0250202 
267.542 0.00391837 367.5 155.282 56.3222 21.0518 25.6617 0.0959167 9.94511 0.026936 0.0863604 0.0287868 46.8505 3.56094 7.60065 0.378599 0.808101 0.0312487 
220.098 0.0045994 259.412 160.949 22.635 10.2841 16.501 0.0749712 13.1762 0.0182416 0.0857847 0.0285949 49.1571 5.65702 11.508 0.634221 1.29019 0.0317877 
292.578 0.00377751 816.667 200.455 138.152 47.2189 51.9872 0.177687 5.09211 0.0424815 0.112053 0.0373509 52.3816 3.23513 6.17607 0.469711 0.89671 0.0367081 
295.605 0.0041847 1002.27 185.294 224.768 76.0367 82.4138 0.278797 2.89958 0.0291063 0.104762 0.0349206 48.5694 2.18623 4.50126 0.272458 0.560966 0.0306972 

368.124 0.00403628 1050 111.364 296.701 80.5983 191.457 0.520089 1.29404 0.302247 0.719101 0.2397 39.877 3.24613 8.14035 0.28717 0.720138 0.0443958 
422.563 0.00366497 1102.5 204.167 356.794 84.4358 142.509 0.337248 1.91465 0.208095 0.428682 0.142894 44.525 2.31556 5.20059 0.342801 0.769907 0.0622848 
267.918 0.00407659 735 212.019 118.379 44.1849 38.2466 0.142755 6.41372 0.019389 0.0632726 0.0210909 41.8093 2.21636 5.30111 0.204254 0.488536 0.0183736 
239.578 0.00425737 286.364 186.864 32.8333 13.7046 6.38161 0.0266369 36.8068 0.0144874 0.0237259 0.00790865 40.8163 2.97751 7.2949 0.269647 0.660635 0.0467174 
476.696 0.00316327 1050 200.455 315.266 66.1357 242.526 0.508764 1.30349 0.38853 0.708244 0.236081 42.2339 2.06183 4.88193 0.38591 0.913745 0.011174 
261.563 0.00458874 848.077 198.649 185.502 70.9207 67.0223 0.256238 3.25152 0.0324734 0.103225 0.0344082 42.312 2.31542 5.47224 0.368615 0.871184 0.0131266 
320.472 0.00374673 882 227.32 195.448 60.9874 57.7458 0.180189 4.62198 0.0621353 0.147452 0.0491507 39.6047 2.89567 7.31143 0.340123 0.858795 0.0411369 
216.78 0.00476457 424.038 193.421 52.4992 24.2178 16.5378 0.0762884 12.6911 0.0155224 0.043785 0.014595 41.9541 1.35248 3.22371 0.146532 0.349267 0.0181101 
217.72 0.00462207 265.663 200.455 18.1955 8.35728 6.64169 0.0305056 32.575 0.0127555 0.0264922 0.00883074 41.0339 3.29629 8.03308 0.327998 0.799335 0.0640261 
213.479 0.00499278 432.353 155.282 70.8936 33.2087 35.0713 0.164285 5.71091 0.0999174 0.180659 0.0602196 42.494 2.66098 6.262 0.472045 1.11085 0.0113022 

250.054 0.00599647 1102.5 105.502 269.688 107.852 138.482 0.553809 1.20423 0.121034 0.362405 0.120802 30.2054 4.67291 15.4704 0.373345 1.23602 0.0556655 
474.991 0.0052466 1102.5 103.521 451.329 95.0183 581.564 1.22437 0.327737 0.578858 1.50652 0.502174 25.9506 3.41552 13.1617 0.467459 1.80134 0.111443 
182.782 0.00654929 760.345 127.457 145.009 79.3343 44.4277 0.243064 3.43678 0.0219458 0.0918669 0.0306223 32.2339 2.85547 8.85858 0.449383 1.39413 0.046781 
286.33 0.00540668 1002.27 109.158 265.59 92.7564 200.79 0.701255 0.921141 0.242017 0.811243 0.270414 26.5873 5.67759 21.3545 0.412959 1.55322 0.0524315 
236.346 0.00635269 918.75 126.724 236.523 100.075 91.9619 0.389098 1.71173 0.0647263 0.19989 0.0666301 29.7612 2.43353 8.17685 0.622969 2.09322 0.0117783 
496.78 0.00482615 1102.5 97.5664 408.768 82.2836 419.419 0.844274 0.494027 0.433438 1.28457 0.428191 34.6618 3.8065 10.9818 0.62169 1.79359 0.102792 
293.311 0.00510658 1102.5 136.111 259.11 88.3398 188.858 0.643885 1.03689 0.204424 0.516464 0.172155 26.4283 3.20596 12.1308 0.611028 2.31202 0.0689837 
129.99 0.00772271 146.026 119.189 8.15823 6.27604 3.08279 0.0237156 42.0036 0.00986577 0.0225112 0.00750373 29.6568 1.98143 6.68119 0.247066 0.833086 0.0298897 
259.02 0.00631793 1102.5 124.576 303.622 117.219 228.904 0.883729 0.691468 0.197602 0.494765 0.164922 30.4736 2.53781 8.32787 0.587206 1.92693 0.0549329 
313.707 0.00624231 1102.5 105 333.464 106.298 211.106 0.672941 0.758847 0.284359 0.619962 0.206654 34.1447 2.20842 6.46783 0.319975 0.937116 0.0423603 

175.168 0.00677627 512.791 119.189 107.692 61.4793 74.5553 0.425622 1.97939 0.228555 0.340658 0.113553 41.4616 1.16179 2.8021 0.230915 0.556936 0.0372122 
212.529 0.006412 1002.27 123.184 228.268 107.406 78.6972 0.37029 1.98174 0.046524 0.149174 0.0497247 39.5731 1.32181 3.34018 0.307929 0.778126 0.0319465 
136.101 0.00741648 172.266 114.249 13.446 9.87945 4.89282 0.03595 27.5577 0.0183449 0.0385713 0.0128571 40.9537 1.76407 4.30748 0.366596 0.895147 0.0406635 
159.425 0.00662635 373.729 126.724 53.2615 33.4084 17.3312 0.10871 8.70757 0.0217056 0.0581749 0.0193916 41.9576 1.13394 2.70259 0.154708 0.368724 0.0156216 
145.951 0.00693626 167.045 120.492 15.8769 10.8782 4.18977 0.0287066 34.41 0.0144777 0.0257446 0.00858155 39.6719 2.56283 6.46005 0.212719 0.536195 0.0294323 
271.957 0.00649282 1002.27 96.7105 308.787 113.542 100.096 0.368057 1.53869 0.195576 0.449825 0.149942 37.6257 4.11701 10.942 0.380142 1.01032 0.00748453 
165.043 0.00738905 648.529 121.823 134.226 81.3275 42.5113 0.257577 3.18351 0.0261464 0.0859272 0.0286424 38.8144 0.881406 2.27082 0.170829 0.440118 0.00987204 
130.406 0.00824792 275.625 80.7692 42.7335 32.7695 19.0622 0.146175 6.36037 0.0775793 0.226286 0.0754286 37.27 2.77025 7.43291 0.582132 1.56193 0.0219757 
130.497 0.00768424 138.679 119.189 6.81206 5.22008 2.33233 0.0178726 55.7968 0.00875446 0.0151763 0.00505876 40.8592 1.3641 3.33855 0.278286 0.681086 0.0366693 
214.862 0.00739985 882 86.1328 228.89 106.529 182.924 0.851356 0.738765 0.13713 0.634321 0.21144 40.2092 2.35181 5.84892 0.351022 0.872988 0.0237019 


150.211 0.00668316 162.132 135.276 9.21721 6.13617 2.68563 0.017879 55.715 0.0048471 0.0128179 0.00427263 34.8871 1.74116 4.99085 0.335491 0.961648 0.0320068 
229.722 0.0060771 711.29 121.154 175.708 76.4874 126.825 0.552081 1.29747 0.184627 0.449627 0.149876 34.7099 1.8847 5.42985 0.326363 0.94026 0.0513169 
258.231 0.00688133 1102.5 120.492 331.174 128.247 140.644 0.544642 1.03325 0.219764 0.316851 0.105617 39.186 2.40009 6.12486 0.247737 0.632208 0.0480736 
257.45 0.00647619 1002.27 100.227 279.949 108.739 229.949 0.893178 0.671505 0.25797 0.763914 0.254638 38.5315 1.43167 3.71558 0.17314 0.449346 0.0246338 
231.199 0.00662665 1002.27 111.929 260.559 112.699 159.39 0.689408 0.94677 0.0494859 0.283333 0.0944444 37.2984 3.28589 8.80973 0.254136 0.681358 0.0343921 
190.148 0.00664605 595.946 124.576 137.696 72.4151 84.662 0.445243 1.77725 0.0976781 0.432934 0.144311 36.4167 2.34619 6.44262 0.318352 0.874193 0.00667762 
255.003 0.00608314 1102.5 132.036 281.409 110.355 71.5531 0.280597 2.29743 0.066013 0.170898 0.0569659 33.3539 2.77221 8.31151 0.352572 1.05706 0.0695627 
144.449 0.00762972 441 119.189 74.4426 51.5355 21.7196 0.150361 6.03448 0.0186552 0.0622145 0.0207382 35.1478 1.55613 4.4274 0.283043 0.805294 0.0190108 
202.092 0.00672822 816.667 116.053 190.321 94.1754 121.008 0.598776 1.22825 0.133237 0.371505 0.123835 35.9696 3.64181 10.1247 0.385111 1.07066 0.0466526 
292.003 0.00578231 882 116.667 263.933 90.3871 132.72 0.454516 1.30305 0.324706 0.712941 0.237647 37.1753 2.12436 5.71445 0.360269 0.969109 0.0427996 

124.495 0.00807256 136.957 106.522 8.60417 6.91128 4.88312 0.0392236 25.3683 0.0186798 0.0303371 0.0101124 26.972 3.17142 11.7582 0.640401 2.37432 0.10481 
112.573 0.00891308 125.284 98 6.41057 5.69456 3.87744 0.0344436 28.9353 0.0171148 0.0289636 0.00965452 32.3838 4.19442 12.9522 0.403099 1.24476 0.0497367 
159.934 0.00752678 760.345 97.5664 124.18 77.6443 48.5957 0.303849 2.73396 0.099828 0.263107 0.0877023 25.747 4.03524 15.6727 0.629122 2.44348 0.0673249 
291.566 0.00687075 958.696 95.4545 291.392 99.9405 212.574 0.729076 0.684677 0.276328 0.647415 0.215805 29.3802 3.55397 12.0965 0.659951 2.24624 0.0898992 
219.637 0.00747921 882 105 239.641 109.108 183.313 0.834616 0.729375 0.225872 0.494189 0.16473 30.3763 1.39456 4.59094 0.381645 1.25639 0.0432933 
299.78 0.00595616 1002.27 83.8403 262.606 87.5995 251.832 0.840057 0.666687 0.351396 1.00051 0.333503 32.1495 2.33147 7.25196 0.427927 1.33106 0.0159758 
102.298 0.00999382 140.446 81.3653 15.9557 15.5973 11.716 0.114528 8.5406 0.0617162 0.182022 0.0606741 29.9136 2.34909 7.8529 0.715792 2.39286 0.0018612 
168.426 0.00747921 1002.27 108.088 163.638 97.1569 77.6723 0.461165 1.72138 0.0781076 0.205273 0.0684243 27.3278 4.214 15.4202 0.759816 2.78038 0.065179 
196.788 0.00829176 1102.5 95.4545 273.878 139.174 192.002 0.975681 0.628127 0.199362 0.46381 0.154603 30.8648 2.678 8.67655 0.584178 1.8927 0.0901348 
265.279 0.006745 958.696 91.1157 295.215 111.285 92.218 0.347627 1.60769 0.158488 0.408653 0.136218 26.2221 3.89816 14.866 0.678838 2.58881 0.0870165 

348.302 0.00562358 1102.5 99.7738 353.46 101.481 252.788 0.725774 0.703444 0.511437 0.842432 0.280811 45.1395 2.43904 5.40335 0.482417 1.06872 0.0498278 
310.267 0.00611036 1002.27 86.1328 329.237 106.114 381.472 1.2295 0.429013 0.389456 1.34168 0.447227 47.4717 1.44196 3.03751 0.167931 0.353749 0.0229531 
222.201 0.00623961 689.062 125.284 175.085 78.7957 187.689 0.844682 0.853894 0.345972 0.887462 0.295821 48.4684 3.003 6.1958 0.282469 0.582791 0.0428406 
476.976 0.00409812 1102.5 93.8298 373.544 78.3152 268.932 0.563828 0.907345 0.398267 0.914085 0.304695 48.9439 4.10065 8.37828 0.496146 1.0137 0.0393893 
418.377 0.00458698 958.696 108.088 319.621 76.3956 350.008 0.836587 0.622867 0.543588 1.62312 0.541039 50.1204 3.81054 7.60278 0.447679 0.893208 0.0265401 
500.381 0.00368681 1002.27 95.0431 294.915 58.9381 296.82 0.593188 0.913811 0.559791 1.18746 0.395819 50.9079 3.92676 7.71345 0.44438 0.872909 0.0852216 
416.456 0.0042919 1002.27 86.1328 321.441 77.1848 256.611 0.616177 0.907979 0.451956 0.982709 0.32757 52.6991 3.92886 7.45527 0.656932 1.24657 0.0185317 
629.149 0.00303157 1102.5 109.158 381.297 60.6051 453.259 0.720432 0.727756 0.669863 1.86861 0.622869 52.3336 1.5648 2.99005 0.175269 0.334908 0.0260761 
226.768 0.00636316 1002.27 118.548 234.274 103.31 96.5772 0.425885 1.62724 0.0605019 0.146431 0.0488105 45.8327 5.38636 11.7522 0.617804 1.34795 0.051001 
303.055 0.00525665 882 100.685 230.902 76.1914 189.106 0.623999 1.00597 0.5667 0.993115 0.331038 51.2834 3.49795 6.82082 0.348301 0.679169 0.0763116 

266.09 0.00641298 1102.5 86.1328 288.246 108.326 273.891 1.02932 0.569327 0.27671 0.818681 0.272894 38.9308 2.60602 6.69398 0.590167 1.51594 0.0375781 
192.275 0.00729511 1002.27 114.249 225.098 117.071 145.163 0.754975 0.944306 0.173694 0.427916 0.142639 39.4433 2.65717 6.73669 0.600052 1.5213 0.0697782 
424.538 0.00471466 918.75 110.25 315.708 74.3652 239.381 0.563862 0.886054 0.352449 0.846493 0.282164 42.8039 3.07563 7.18538 0.427988 0.999881 0.0346588 
263.117 0.00605166 958.696 90.7407 254.126 96.5829 127.073 0.482954 1.30038 0.172687 0.393919 0.131306 40.7403 4.77042 11.7093 0.606294 1.48819 0.0754533 
144.467 0.00703704 180.738 121.823 18.8488 13.0471 10.3998 0.0719874 13.6642 0.0296455 0.0824919 0.0274973 43.5703 4.27737 9.81718 0.62948 1.44475 0.0208298 
245.567 0.00633711 918.75 117.914 246.578 100.412 148.881 0.606277 1.05991 0.223152 0.473429 0.15781 45.322 3.84179 8.47665 0.40244 0.887958 0.0749049 
260.086 0.00581104 787.5 113.077 223.749 86.0287 107.074 0.411685 1.60718 0.167865 0.593732 0.197911 44.2446 3.99704 9.03397 0.579587 1.30996 0.0230104 
306.457 0.00706785 1102.5 90.7407 348.3 113.654 205.65 0.671056 0.687993 0.308139 0.730907 0.243636 45.2448 3.20867 7.09179 0.508587 1.12408 0.0274918 
350.81 0.00527778 1002.27 109.701 310.299 88.4521 290.59 0.82834 0.652032 0.498246 1.66887 0.556289 46.3684 4.14147 8.93165 0.738665 1.59304 0.105332 
185.142 0.00715193 1002.27 114.844 193.073 104.284 109.025 0.58887 1.28248 0.132579 0.27584 0.0919467 41.2663 2.50752 6.07644 0.369053 0.894321 0.0399352 

341.407 0.00554683 1050 124.576 329.709 96.5737 279.984 0.820089 0.643905 0.318505 0.648142 0.216047 42.1163 4.14965 9.85284 0.62516 1.48437 0.102239 
224.622 0.00664248 1102.5 123.184 252.897 112.587 98.166 0.437027 1.53359 0.0477924 0.16386 0.0546199 40.4714 2.90492 7.17773 0.534813 1.32146 0.0415524 
228.621 0.00580911 848.077 130.473 196.279 85.8532 41.7589 0.182655 4.12232 0.0281918 0.0854862 0.0284954 40.6932 4.14892 10.1956 0.241704 0.593967 0.022062 
221.63 0.00653061 1002.27 118.548 223.062 100.646 60.0021 0.270731 2.55199 0.0965517 0.176523 0.0588411 38.9971 3.85337 9.88117 0.439065 1.12589 0.0526877 
263.934 0.00630385 1102.5 113.66 272.85 103.378 150.864 0.571596 1.0515 0.16211 0.283192 0.0943972 45.1687 4.70247 10.4109 0.512189 1.13395 0.0435117 
127.401 0.00797361 143.182 88.9113 14.3223 11.2419 6.10239 0.047899 20.5515 0.0221008 0.0581409 0.0193803 38.5159 3.42593 8.89485 0.440554 1.14382 0.0520793 
282.912 0.00635525 1002.27 119.837 312.092 110.314 141.605 0.500526 1.11119 0.196955 0.478116 0.159372 41.1969 2.79097 6.7747 0.338597 0.821899 0.0417023 
306.051 0.00632056 1102.5 121.823 347.186 113.441 242.174 0.791288 0.653305 0.236017 0.54996 0.18332 40.3976 3.84503 9.51798 0.465031 1.15114 0.0590819 
272.076 0.00639607 1102.5 120.492 316.946 116.492 157.623 0.579333 0.991899 0.148083 0.405426 0.135142 41.2262 3.65744 8.87162 0.387165 0.939123 0.0348507 
290.122 0.00606387 1002.27 95.0431 298.876 103.017 214.058 0.737821 0.770404 0.337825 0.708802 0.236267 42.8898 3.19146 7.44106 0.462805 1.07906 0.0887276 

229.964 0.00702599 1002.27 86.1328 244.817 106.459 206.979 0.900048 0.687648 0.356736 0.72646 0.242153 40.3707 3.31814 8.21918 0.45079 1.11663 0.12254 
281.76 0.00660998 1002.27 106.522 324.724 115.249 177.918 0.631452 0.850317 0.336535 0.526244 0.175415 40.3529 3.66531 9.08316 0.592219 1.4676 0.0531549 
153.503 0.00763794 416.038 111.929 87.3643 56.9137 80.3356 0.523349 1.62973 0.273132 0.584859 0.194953 39.0871 2.85629 7.30749 0.524807 1.34266 0.0806379 
117.958 0.00872638 148.986 83.2075 19.6166 16.6301 13.2779 0.112564 8.63054 0.0571676 0.233348 0.0777826 42.4153 2.53901 5.98606 0.289231 0.681902 0.0453565 
296.32 0.00652649 1050 123.876 355.296 119.903 278.755 0.940724 0.549664 0.160022 0.614586 0.204862 40.3828 1.62864 4.03301 0.206728 0.51192 0.00235786 
309.568 0.00687755 1002.27 102.083 334.254 107.974 280.966 0.907606 0.517503 0.385097 0.904495 0.301498 40.0012 1.79697 4.49229 0.309098 0.772722 0.0288455 
228.11 0.0074452 787.5 98 228.46 100.153 189.815 0.832119 0.707608 0.26802 0.64797 0.21599 41.6368 2.77986 6.67644 0.324582 0.779556 0.0565893 
148.122 0.00847118 501.136 84.1603 111.143 75.0347 73.7978 0.498222 1.5996 0.153328 0.391444 0.130481 39.7042 2.96785 7.4749 0.476481 1.20008 0.034643 
278.055 0.00624783 958.696 101.613 253.816 91.2828 287.245 1.03305 0.557208 0.359141 1.3148 0.438267 40.8038 1.69145 4.14533 0.386993 0.948423 0.0262961 
181.382 0.00786596 816.667 93.4322 182.786 100.774 105.19 0.579934 1.20858 0.19018 0.504484 0.168161 41.0268 1.87207 4.56304 0.299512 0.73004 0.0182862 

211.582 0.00640464 1002.27 117.287 208.888 98.7267 84.3854 0.398831 1.85028 0.0563448 0.161979 0.0539929 43.7521 1.89736 4.33662 0.263488 0.60223 0.0352821 
335.571 0.00623129 1102.5 104.009 359.134 107.022 317.772 0.946959 0.505018 0.425169 1.10402 0.368007 46.497 2.71688 5.84312 0.365321 0.785687 0.0719049 
307.578 0.00555556 1002.27 100.685 279.049 90.7246 198.584 0.645639 0.906417 0.469796 0.927891 0.309297 47.1788 2.01991 4.2814 0.198283 0.420279 0.018401 
245.38 0.00673069 882 93.4322 235.957 96.1595 104.968 0.427775 1.41542 0.160572 0.337799 0.1126 43.9372 3.043 6.9258 0.32992 0.75089 0.0218568 
301.977 0.00498564 1002.27 101.613 237.45 78.6317 209.296 0.693086 0.958336 0.476322 1.34487 0.44829 47.6226 3.73386 7.84051 0.502965 1.05615 0.0682461 
309.597 0.00592809 1002.27 98.4375 279.742 90.3568 306.941 0.991422 0.549579 0.479366 1.17878 0.392927 43.424 3.1384 7.22734 0.532944 1.2273 0.0899355 
192.543 0.00681406 501.136 108.621 125.535 65.1983 117.192 0.608655 1.25226 0.276983 0.652246 0.217415 43.1539 4.09314 9.48499 0.61281 1.42006 0.0506213 
286.905 0.00594482 1050 100.685 267.964 93.3981 190.878 0.665301 0.881261 0.321551 0.772028 0.257343 40.5399 5.91244 14.5843 0.999348 2.4651 0.0578304 
486.114 0.00516595 1102.5 116.667 436.585 89.8113 326.207 0.671051 0.593412 0.422894 1.08859 0.362862 38.5869 3.35617 8.69768 0.575431 1.49126 0.0572759 
359.276 0.0058633 1102.5 100.227 334.375 93.0691 320.199 0.891235 0.532645 0.494873 1.70681 0.568938 41.8191 3.29139 7.87053 0.377119 0.901786 0.0478876 

258.477 0.00635928 1102.5 123.876 293.399 113.511 204.529 0.791287 0.76884 0.220059 0.545563 0.181854 41.7129 2.005 4.80665 0.320247 0.76774 0.023621 
136.916 0.00739985 158.633 109.701 15.0306 10.9779 4.95882 0.0362179 27.252 0.0150153 0.0294178 0.00980592 43.4241 1.52368 3.50883 0.244933 0.564047 0.0592838 
154.61 0.00666905 185.294 96.2882 25.0912 16.2288 11.0555 0.0715059 13.563 0.0738964 0.161207 0.0537356 44.4097 1.18606 2.67072 0.121436 0.273444 0.0174829 
217.781 0.00629431 668.182 112.5 164.421 75.498 87.8993 0.403613 1.80745 0.19502 0.425528 0.141843 40.0851 3.68202 9.1855 0.241826 0.603282 0.0364687 
286.041 0.00586683 882 119.189 268.525 93.8764 348.378 1.21793 0.489267 0.521675 1.57437 0.524791 41.5599 3.59377 8.64722 0.660763 1.58991 0.0652425 
195.659 0.00695971 918.75 119.189 209.088 106.864 70.2087 0.358832 2.04653 0.0388081 0.113147 0.0377155 34.8563 2.90939 8.34681 0.565811 1.62327 0.0389537 
115.452 0.00876493 143.182 86.1328 12.3469 10.6944 8.94545 0.0774823 12.7541 0.0519301 0.147266 0.0490885 41.9494 0.509903 1.21552 0.135785 0.323688 0.00968549 
187.934 0.00813385 1102.5 83.2075 241.198 128.342 135.189 0.719343 0.909416 0.159903 0.38233 0.127443 37.2577 1.96041 5.26175 0.329099 0.883303 0.0277967 
236.002 0.00739985 918.75 85.1351 245.165 103.882 162.982 0.690596 0.829157 0.152758 0.566292 0.188764 38.8619 3.5883 9.23346 0.600243 1.54455 0.052276 
325.855 0.00624106 848.077 86.1328 265.168 81.3761 217.637 0.667895 0.736223 0.525135 1.0127 0.337568 39.0481 4.41983 11.3189 0.671367 1.71933 0.138404 

610.921 0.003613 1102.5 138.679 440.527 72.1086 473.668 0.775333 0.58433 0.609585 1.70132 0.567107 27.5875 3.9851 14.4453 0.832604 3.01805 0.155678 
234.58 0.00580499 1102.5 93.4322 235.534 100.407 166.888 0.711435 1.03222 0.232386 0.593149 0.197716 30.8364 3.29054 10.6709 0.691482 2.24242 0.0290442 
266.097 0.00580499 1102.5 110.25 266.009 99.9669 244.869 0.920224 0.703501 0.311263 0.80619 0.26873 28.279 4.85985 17.1854 0.587142 2.07625 0.0847719 
617.919 0.00368584 1002.27 96.2882 376.167 60.8764 384.486 0.622228 0.70564 0.971333 2.07942 0.693139 33.9906 3.8185 11.234 0.548694 1.61425 0.0702329 
533.009 0.00421356 1050 123.184 407.783 76.5059 376.875 0.70707 0.629729 0.446519 0.955534 0.318511 32.0764 2.99193 9.32749 0.55946 1.74415 0.0266694 
152.705 0.00749055 297.973 104.009 65.3794 42.8141 40.858 0.267562 3.26745 0.133502 0.352977 0.117659 32.8522 1.36601 4.15803 0.34975 1.06462 0.0123215 
265.696 0.00685412 1102.5 86.1328 306.978 115.537 286.916 1.07987 0.508504 0.353636 0.863476 0.287825 31.4921 3.37931 10.7307 0.41794 1.32713 0.0322902 
629.93 0.00421013 1102.5 83.2075 423.362 67.2078 512.075 0.812908 0.463843 0.872531 2.55296 0.850987 34.5711 2.305 6.66741 0.502984 1.45492 0.0165802 
335.867 0.00564007 1102.5 129.706 336.234 100.109 317.376 0.944947 0.558651 0.303028 0.753168 0.251056 33.2932 4.07389 12.2364 0.929436 2.79167 0.0266329 
350.587 0.00546311 1002.27 83.2075 326.105 93.0167 327.045 0.932849 0.559696 0.2234 0.852781 0.28426 34.0375 2.82209 8.29113 0.463679 1.36226 0.0703353 

178.72 0.00727324 787.5 87.8486 161.091 90.1364 80.3798 0.449754 1.71051 0.162847 0.575882 0.191961 29.975 1.69721 5.66206 0.396832 1.32388 0.0377664 
148.838 0.00717747 222.727 83.8403 37.7074 25.3346 15.352 0.103146 9.07535 0.0891342 0.21669 0.0722302 31.3879 2.53464 8.0752 0.251256 0.800488 0.0178608 
221.448 0.00622222 918.75 88.9113 193.271 87.2763 53.5563 0.241846 3.00085 0.0896849 0.205983 0.068661 31.3819 3.68184 11.7324 0.407849 1.29963 0.0446358 
318.308 0.00717525 1050 81.3653 376.349 118.234 139.379 0.437873 0.999924 0.203901 0.372385 0.124128 33.9677 2.33526 6.87493 0.307595 0.905552 0.0174454 
136.474 0.00737717 152.069 122.5 11.2196 8.22105 3.07022 0.0224968 44.151 0.0149078 0.0239754 0.0079918 34.4993 1.39335 4.03877 0.284807 0.825544 0.0500285 
128.928 0.00781017 153.125 116.667 11.1771 8.66928 3.73414 0.0289631 34.2885 0.0110328 0.0246786 0.00822619 35.959 1.52766 4.24834 0.261352 0.726805 0.0183057 
143.701 0.00768652 689.062 93.4322 88.7815 61.7822 24.4186 0.169927 5.32781 0.0597348 0.13767 0.0458899 35.7537 2.08288 5.82564 0.237496 0.664257 0.0352244 
147.92 0.00689755 200.455 126.724 22.6648 15.3224 8.4267 0.056968 17.2047 0.0294936 0.0496779 0.0165593 36.0432 2.4176 6.70752 0.607512 1.68551 0.0947553 
147.866 0.00708878 297.973 121.823 43.6319 29.5078 16.3877 0.110829 8.60813 0.0272966 0.0761901 0.0253967 33.4275 2.27983 6.8202 0.389296 1.1646 0.0196227 
192.3 0.00801587 1002.27 86.1328 244.891 127.349 175.818 0.914289 0.709557 0.249081 0.67157 0.223857 31.5213 1.72871 5.48425 0.380253 1.20633 0.0209734 

226.905 0.00494331 315 111.364 66.9956 29.5258 38.3436 0.168985 5.27581 0.326081 0.453619 0.151206 39.7321 2.36817 5.96034 0.239637 0.603132 0.0274032 
233.53 0.00452608 282.692 109.158 46.3379 19.8424 19.1856 0.0821546 11.5161 0.0966695 0.265749 0.088583 38.935 1.89527 4.86779 0.133236 0.342201 0.0142941 
256.814 0.00508761 1002.27 175 235.857 91.8396 84.9148 0.330646 2.31474 0.0361658 0.115883 0.0386278 42.2349 1.56369 3.70236 0.148421 0.351419 0.00138239 
261.957 0.00395854 450 214.078 58.9278 22.4952 24.9153 0.0951125 10.1391 0.0297872 0.08497 0.0283233 32.9446 3.12797 9.49464 0.576569 1.75012 0.0227312 
236.681 0.00500636 1002.27 110.804 176.312 74.4935 89.1914 0.376842 2.23952 0.0777585 0.250626 0.083542 37.3455 4.17745 11.1859 0.381216 1.02078 0.0453642 
189.5 0.0055359 245 86.1328 30.9006 16.3064 20.4085 0.107697 8.85115 0.176506 0.386926 0.128975 35.2849 2.23596 6.33688 0.406989 1.15344 0.0383441 
220.548 0.00459022 259.412 190.086 24.8069 11.2478 6.08502 0.0275904 35.8018 0.0110656 0.0197601 0.00658669 35.7073 1.56224 4.37512 0.28919 0.809889 0.0203321 
261.345 0.0038322 275.625 245 10.1866 3.89776 5.81109 0.0222353 44.905 0.0159763 0.0343195 0.0114398 36.6292 1.45707 3.97789 0.256286 0.699678 0.0497538 
204.903 0.00515495 256.395 98 37.3766 18.2412 23.7136 0.115731 8.18046 0.153959 0.407331 0.135777 39.0359 1.57773 4.04174 0.130589 0.334536 0.0123495 
234.013 0.00543008 882 89.6341 177.481 75.8422 81.8782 0.349887 2.24918 0.179186 0.614828 0.204943 40.0978 2.00587 5.00244 0.135839 0.338768 0.00608885 

357.213 0.00524263 1002.27 111.364 311.622 87.237 267.368 0.748483 0.713413 0.502271 0.915033 0.305011 44.9467 4.65003 10.3457 0.718015 1.59748 0.0589065 
585.593 0.00377324 1002.27 114.249 379.317 64.7748 270.593 0.462083 0.97942 0.441215 0.92733 0.30911 43.3608 4.23945 9.77715 0.587489 1.35489 0.0207247 
227.154 0.00602116 882 113.66 198.89 87.5571 57.2511 0.252036 2.90092 0.110257 0.188838 0.0629461 38.325 4.4356 11.5737 0.502555 1.3113 0.0645679 
139.18 0.00750044 268.902 119.189 38.131 27.3969 13.8466 0.0994868 9.62877 0.0173333 0.0775053 0.0258351 39.9972 3.25069 8.12729 0.514384 1.28605 0.0674974 
231.233 0.00634165 668.182 119.189 184.887 79.9568 50.9343 0.220272 3.09591 0.106198 0.178784 0.0595948 42.1502 4.70163 11.1545 0.385714 0.915093 0.116909 
192.743 0.00733045 580.263 107.561 160.559 83.3023 84.4489 0.438142 1.61538 0.0572714 0.193163 0.0643878 38.7625 3.21227 8.28706 0.466226 1.20277 0.0420635 
216.113 0.00640851 1050 132.036 240.986 111.509 76.497 0.353968 2.03985 0.0256336 0.0881378 0.0293793 36.4623 3.16931 8.69201 0.731744 2.00685 0.0472356 
127.206 0.00788767 142.258 118.548 7.48965 5.88783 3.58115 0.0281525 35.4021 0.011116 0.0303164 0.0101055 38.7909 2.62074 6.75607 0.354158 0.912992 0.0402127 
174.629 0.00739445 1002.27 110.804 167.904 96.1493 80.849 0.462977 1.67271 0.100326 0.208681 0.0695605 41.2956 3.18207 7.70559 0.438381 1.06157 0.0454764 
188.785 0.00830688 882 90.7407 218.373 115.673 143.757 0.761482 0.837403 0.143312 0.327571 0.10919 45.691 1.91748 4.19663 0.374756 0.820197 0.0164318 

179.96 0.00567649 214.078 119.189 23.7311 13.1869 14.1195 0.0784592 12.4767 0.0365513 0.164581 0.0548602 36.1143 2.75522 7.62917 0.592325 1.64014 0.0373008 
174.283 0.00649534 630 138.679 110.571 63.4435 30.3963 0.174408 5.06498 0.0208467 0.0711307 0.0237102 41.2888 4.19062 10.1495 0.583401 1.41298 0.0622736 
195.906 0.00531179 319.565 143.182 42.7517 21.8226 28.2763 0.144336 6.65789 0.0811099 0.171977 0.0573258 39.6545 4.39248 11.0769 0.507783 1.28052 0.0353946 
256.661 0.00553955 918.75 133.636 233.38 90.9294 74.3645 0.289739 2.4275 0.115871 0.229232 0.0764106 37.3132 4.31489 11.564 0.511174 1.36996 0.0465536 
198.76 0.00615873 816.667 141.346 165.612 83.3227 52.0046 0.261645 3.12225 0.0322667 0.108757 0.0362524 41.0633 4.41195 10.7443 0.541485 1.31866 0.0512142 
285.005 0.00550814 1102.5 119.189 274.007 96.1413 119.033 0.417652 1.52521 0.158999 0.297642 0.0992141 41.7877 5.29378 12.6683 0.468786 1.12183 0.052828 
231.6 0.00648938 1102.5 123.876 276.187 119.251 204.942 0.884896 0.751908 0.261772 0.549767 0.183256 40.2248 3.64158 9.05308 0.4294 1.0675 0.013456 
248.583 0.00544218 882 145.066 214.059 86.1115 91.6399 0.368649 2.00513 0.0360606 0.153846 0.0512821 39.8129 2.39197 6.00802 0.411121 1.03263 0.0429948 
174.651 0.00638484 501.136 134.451 91.1728 52.203 59.6952 0.341798 2.62368 0.13382 0.292998 0.0976662 42.2924 2.90502 6.86891 0.515027 1.21778 0.0716746 
171.144 0.00683761 512.791 82.2761 100.898 58.955 74.521 0.435428 1.96253 0.141054 0.523377 0.174459 41.2872 3.60001 8.71944 0.449382 1.08843 0.0681701 

201.479 0.0068254 918.75 127.457 216.311 107.361 74.1163 0.367861 1.97678 0.0355482 0.118272 0.0394241 42.1736 2.9071 6.89318 0.484462 1.14873 0.0559334 
147.919 0.00690579 180.738 121.154 21.752 14.7053 7.37061 0.0498287 19.6464 0.0277697 0.0372139 0.0124046 44.8088 1.08332 2.41765 0.191941 0.428356 0.0322968 
174.53 0.00628118 501.136 126.724 81.1903 46.5193 26.7224 0.15311 5.95777 0.0263022 0.0798736 0.0266245 40.6035 4.53863 11.1779 0.436433 1.07487 0.0716193 
149.109 0.00720117 355.645 122.5 57.9353 38.8544 20.29 0.136075 6.84408 0.0193972 0.0635028 0.0211676 40.2307 3.40079 8.45323 0.395065 0.982 0.0251501 
222.795 0.0068357 1102.5 125.284 278.232 124.883 196.481 0.881895 0.744553 0.220644 0.450409 0.150136 41.7565 2.81536 6.74232 0.365582 0.875509 0.00953649 
142.216 0.00716553 177.823 122.5 20.2441 14.2347 5.53226 0.0389004 25.226 0.0124774 0.0267229 0.00890764 36.1103 3.52976 9.77495 0.748348 2.0724 0.0673957 
148.683 0.00677162 176.4 133.636 12.6712 8.52228 3.00993 0.020244 49.0626 0.00980828 0.0192801 0.00642669 36.7526 2.72478 7.41385 0.50187 1.36553 0.0534458 
244.867 0.00585034 787.5 119.837 192.503 78.6155 118.846 0.485348 1.43825 0.199612 0.348837 0.116279 44.6 5.8674 13.1556 0.686003 1.53812 0.0891855 
211.122 0.00754071 1102.5 117.287 281.897 133.523 198.343 0.939471 0.668607 0.233008 0.450398 0.150133 41.3413 2.46147 5.95403 0.363702 0.879755 0.0866994 
200.585 0.00727513 1002.27 115.445 241.775 120.535 161.151 0.803404 0.852955 0.163636 0.388987 0.129662 41.5599 3.32405 7.9982 0.557743 1.34202 0.0467369 

256.751 0.00508844 760.345 127.457 176.159 68.6109 140.817 0.548456 1.3956 0.137579 0.444262 0.148087 44.6455 2.5934 5.80887 0.267091 0.598248 0.0154584 
274.467 0.00623866 918.75 88.2 259.842 94.6713 260.993 0.950907 0.614157 0.271392 0.816772 0.272257 41.6931 1.61933 3.88392 0.343348 0.823511 0.0456917 
193.295 0.00611395 668.182 119.837 126.25 65.3147 42.839 0.221625 3.81802 0.0393139 0.109146 0.0363821 43.6 1.7133 3.92959 0.214902 0.492895 0.0141822 
315.492 0.00546395 1102.5 86.1328 290.042 91.9334 232.199 0.735989 0.788196 0.343705 1.25007 0.416691 41.4173 4.20378 10.1498 0.457665 1.10501 0.0402445 
212.203 0.00681668 816.667 80.7692 195.436 92.0986 155.333 0.732004 0.944414 0.253997 0.728808 0.242936 42.6889 3.53795 8.28776 0.598257 1.40144 0.0255386 
296.69 0.00581894 1102.5 134.451 343.824 115.887 84.0344 0.28324 2.04503 0.0836531 0.211849 0.0706162 38.9084 2.05182 5.27346 0.350349 0.900445 0.0135118 
323.076 0.0060771 1002.27 82.5843 343.488 106.318 170.25 0.526965 0.966535 0.437042 0.816877 0.272292 42.7353 1.35815 3.17806 0.193856 0.453621 0.0363669 
286.434 0.00666919 1102.5 82.2761 344.175 120.158 211.26 0.737551 0.709758 0.259936 0.572213 0.190738 41.9263 3.59251 8.56863 0.506153 1.20725 0.0430559 
176.253 0.00704082 501.136 103.521 113.34 64.3055 83.3142 0.472698 1.70474 0.164412 0.48438 0.16146 41.5904 2.59292 6.23442 0.504552 1.21315 0.0693611 
144.713 0.00715042 183.75 93.8298 24.1338 16.677 20.3428 0.140574 6.87475 0.0415433 0.195349 0.0651163 42.7242 3.9725 9.29802 0.4519 1.05772 0.00468233 

179.662 0.00721844 668.182 86.1328 149.323 83.1133 108.101 0.601689 1.28153 0.134764 0.436649 0.14555 39.4854 2.85556 7.23194 0.505383 1.27992 0.0573223 
185.253 0.00689342 1002.27 116.667 189.179 102.12 54.5868 0.294661 2.65752 0.0308388 0.110015 0.0366715 38.9927 2.46499 6.32168 0.361607 0.927371 0.03369 
170.696 0.00609977 324.265 139.557 44.2245 25.9084 17.0724 0.100016 9.60268 0.024684 0.0737299 0.0245766 42.0844 3.05263 7.25359 0.301645 0.716761 0.0402783 
254.136 0.00641804 1102.5 80.7692 274.649 108.072 137.154 0.53969 1.13602 0.183451 0.476317 0.158772 36.2381 4.38585 12.1029 0.424711 1.172 0.0616579 
273.442 0.00681406 1002.27 110.804 317.978 116.287 165.688 0.605934 0.885733 0.103827 0.350083 0.116694 39.7335 5.00389 12.5936 0.586731 1.47667 0.0566313 
296.861 0.00642754 1002.27 86.1328 285.662 96.2277 217.867 0.733904 0.714107 0.375055 0.8534 0.284467 40.5548 4.68586 11.5544 0.528475 1.30311 0.0865168 
245.95 0.00580499 816.667 131.25 212.634 86.4542 147.212 0.598543 1.17019 0.16 0.390625 0.130208 35.7245 6.4236 17.9809 0.561898 1.57287 0.0690604 
317.615 0.00609221 1002.27 106.01 300.699 94.674 162.181 0.510622 1.0121 0.336606 0.583623 0.194541 38.5921 4.69865 12.1752 0.548573 1.42146 0.0567844 
295.441 0.00661151 1102.5 108.088 334.481 113.214 199.114 0.673955 0.759623 0.249768 0.489374 0.163125 37.1869 2.52871 6.79998 0.434547 1.16855 0.0416473 
260.463 0.00643019 816.667 107.561 225.09 86.4193 169.509 0.650798 0.917453 0.292554 0.656507 0.218836 39.9514 3.57037 8.93678 0.397859 0.995856 0.076966 

373.2 0.00485022 1002.27 116.053 322.158 86.3232 178.371 0.47795 1.15589 0.335624 0.765174 0.255058 42.6358 2.84975 6.68394 0.478893 1.12322 0.0416705 
176.985 0.00632653 386.842 121.154 77.0892 43.5569 60.9426 0.344338 2.59366 0.110292 0.401882 0.133961 40.9768 5.47844 13.3696 0.514362 1.25525 0.0445405 
321.076 0.00566893 1002.27 119.837 309.643 96.4391 414.28 1.29029 0.425799 0.3952 1.4752 0.491733 43.0971 2.49048 5.77875 0.22535 0.522889 0.0137697 
259.009 0.0056125 1002.27 115.445 244.778 94.5058 73.1782 0.282532 2.43479 0.162042 0.340882 0.113627 41.1937 4.39889 10.6786 0.458794 1.11375 0.0474447 
428.537 0.00471277 1102.5 106.522 386.46 90.1813 578.114 1.34904 0.367037 0.668565 1.98236 0.660786 45.2802 5.40359 11.9336 0.451576 0.99729 0.0675593 
231.155 0.00603553 882 120.492 206.302 89.2485 150.146 0.649546 1.1035 0.184847 0.449343 0.149781 44.13 4.44196 10.0656 0.64124 1.45307 0.0539599 
283.436 0.005548 882 134.451 265.887 93.8085 90.3305 0.318698 1.9954 0.0987057 0.283651 0.0945504 45.4323 5.20393 11.4543 0.602872 1.32697 0.0618489 
321.451 0.00549577 1050 106.01 281.551 87.5875 264.652 0.823304 0.687536 0.409538 0.835292 0.278431 45.6557 5.28465 11.575 0.726125 1.59044 0.055185 
185.219 0.00675132 711.29 94.2308 145.981 78.8156 59.6427 0.322012 2.48344 0.101372 0.281098 0.0936994 41.9848 5.42552 12.9226 0.540726 1.28791 0.0257197 
234.571 0.0061869 882 123.876 222.727 94.9506 123.48 0.526406 1.30898 0.342078 0.650236 0.216745 42.5016 3.31761 7.80583 0.310396 0.730315 0.0574597 

312.889 0.00773394 1002.27 82.8947 364.702 116.559 202.017 0.645649 0.640048 0.285948 0.671649 0.223883 38.4627 2.80127 7.28308 0.427076 1.11036 0.0500267 
315.003 0.00617536 1102.5 89.6341 323.536 102.709 355.041 1.1271 0.456099 0.402632 1.27711 0.425704 36.2815 2.69053 7.41572 0.590274 1.62693 0.0265066 
599.211 0.00450889 1102.5 95.8696 438.923 73.2502 574.109 0.958109 0.38631 1.00529 2.3057 0.768567 37.8233 1.95864 5.1784 0.325707 0.861128 0.0564457 
524.261 0.00498333 1002.27 84.4828 388.264 74.0594 415.725 0.792974 0.482697 0.798056 1.66481 0.554937 37.9729 1.85867 4.89472 0.271942 0.716147 0.0353118 
422.233 0.00642047 1102.5 85.1351 418.071 99.0145 375.142 0.888473 0.415181 0.553867 1.32498 0.441659 35.5935 2.25948 6.34802 0.199343 0.560054 0.0263794 
395.668 0.00711606 1102.5 85.1351 405.414 102.463 486.883 1.23053 0.288626 0.533885 1.71508 0.571692 35.6248 2.85558 8.01572 0.673177 1.88963 0.0864456 
221.397 0.00773036 490 85.4651 174.043 78.6114 105.648 0.477189 1.22444 0.222933 0.495407 0.165136 38.4974 1.99288 5.17667 0.447055 1.16126 0.0214714 
245.742 0.00744898 882 81.3653 248.898 101.284 289.195 1.17682 0.464208 0.390259 1.35647 0.452156 33.5411 2.14345 6.39051 0.399404 1.19079 0.00879583 
373.173 0.00622649 1102.5 86.811 341.098 91.4048 250.655 0.671686 0.640737 0.436346 1.0032 0.3344 33.879 2.83578 8.3703 0.40763 1.20319 0.0283117 
205.07 0.00807904 1050 84.4828 251.253 122.521 84.0931 0.410071 1.4719 0.110024 0.217522 0.0725074 30.5061 2.82428 9.25807 0.549943 1.80273 0.0543955 

197.714 0.00514873 214.078 120.492 21.9509 11.1023 10.0865 0.0510156 19.2557 0.0204623 0.123903 0.0413011 41.3791 1.84188 4.45122 0.277062 0.669568 0.00466518 
182.975 0.00570295 350 163.333 50.4408 27.567 19.5443 0.106814 8.97182 0.0149105 0.0874751 0.0291584 41.153 1.75627 4.26765 0.355046 0.862748 0.0241661 
181.049 0.00560631 222.727 153.125 22.3991 12.3718 5.47036 0.0302148 32.6067 0.0121816 0.0229908 0.00766361 37.0525 2.30409 6.21844 0.348561 0.940723 0.0196007 
227.975 0.00619222 1102.5 93.4322 253.396 111.151 167.063 0.732812 0.96666 0.197258 0.537977 0.179326 40.9683 3.31572 8.09337 0.456005 1.11307 0.0474474 
180.58 0.00558648 229.688 165.789 18.1237 10.0364 9.2398 0.0511673 19.3731 0.0157723 0.0478065 0.0159355 39.4714 1.36489 3.45791 0.284884 0.721748 0.0459091 
284.738 0.00461613 1002.27 168.321 231.1 81.1623 102.004 0.358238 2.12376 0.0522667 0.158012 0.0526706 34.9619 3.40327 9.73423 0.568355 1.62564 0.0154824 
232.788 0.00528963 648.529 157.5 149.776 64.3403 51.5761 0.221559 3.66544 0.0744683 0.151468 0.0504893 37.5009 2.70529 7.21394 0.422008 1.12533 0.0217598 
185.74 0.00552463 250.568 158.633 32.5856 17.5437 18.387 0.0989933 9.84431 0.0297868 0.0638474 0.0212825 38.6696 2.37931 6.15292 0.547263 1.41523 0.051491 
239.047 0.00540613 1102.5 126 225.597 94.3734 75.8147 0.317153 2.43983 0.103639 0.209269 0.0697564 38.6602 2.96621 7.67251 0.464609 1.20178 0.0466048 
233.794 0.00508983 816.667 167.045 168.48 72.0637 61.2337 0.261913 3.20853 0.0590054 0.150664 0.0502212 39.312 3.50069 8.9049 0.694842 1.76751 0.0225122 

234.662 0.00633841 958.696 108.621 239.797 102.188 138.181 0.588852 1.14175 0.165239 0.308796 0.102932 38.2668 3.8752 10.1268 0.700071 1.82945 0.0751538 
160.356 0.00635187 191.739 103.521 19.5342 12.1817 13.2498 0.0826275 11.8819 0.0434982 0.138037 0.0460124 35.6578 4.09911 11.4957 0.566193 1.58785 0.0897754 
198.686 0.00670392 1102.5 134.451 214.48 107.949 97.8205 0.492337 1.5249 0.0752597 0.19228 0.0640933 36.8255 2.96557 8.05305 0.239179 0.649492 0.023358 
214.558 0.00668316 689.062 98 179.131 83.4886 105.501 0.491714 1.41828 0.152393 0.563233 0.187744 37.1882 1.82486 4.90709 0.238703 0.641876 0.0676237 
225.106 0.00603822 1102.5 126 225.328 100.098 128.42 0.570484 1.28961 0.125032 0.30201 0.10067 35.2217 3.81282 10.8252 0.414973 1.17818 0.0504533 
234.231 0.00565274 816.667 126.724 190.856 81.4818 108.51 0.463261 1.63031 0.141524 0.254059 0.0846864 36.7591 4.62521 12.5825 0.448051 1.21889 0.0536507 
268.438 0.00605064 918.75 128.947 266.643 99.3315 131.669 0.4905 1.25521 0.100625 0.189631 0.0632105 38.7753 3.48592 8.99005 0.513452 1.32417 0.0238277 
217.339 0.00633913 816.667 117.287 190.301 87.5593 137.065 0.630651 1.15092 0.192448 0.485592 0.161864 39.2063 5.07245 12.9378 0.676738 1.72609 0.0450977 
205.571 0.00620883 787.5 128.947 171.165 83.2632 92.4286 0.449618 1.74254 0.0841289 0.223744 0.0745812 36.0033 2.45305 6.81341 0.366111 1.01688 0.0609331 
220.824 0.00652413 882 95.4545 206.847 93.6703 158.705 0.718693 0.965799 0.261648 0.733366 0.244455 39.8311 2.57671 6.46907 0.423411 1.06301 0.0463319 

214.066 0.00469562 245 196.875 15.7137 7.34061 4.15822 0.019425 51.2153 0.00558032 0.00965825 0.00321942 37.4499 1.0181 2.71856 0.169532 0.45269 0.0084227 
198.146 0.00516359 245 147 29.3706 14.8227 8.63219 0.0435647 22.4351 0.0207691 0.0508486 0.0169495 36.1401 2.48741 6.88269 0.510297 1.412 0.0415707 
173.537 0.00601757 222.727 99.7738 31.9707 18.423 30.1899 0.173967 5.50449 0.171581 0.440886 0.146962 36.5605 1.35924 3.71778 0.178631 0.48859 0.0305603 
183.515 0.00549962 212.019 160.949 17.8744 9.74002 6.76532 0.0368652 26.8769 0.0160428 0.0317165 0.0105722 34.6929 2.34755 6.76667 0.605596 1.74559 0.0566868 
190.093 0.00528551 206.075 168.321 12.9977 6.83756 3.77542 0.0198609 50.1128 0.0100513 0.0247877 0.00826255 33.4855 2.07399 6.1937 0.216888 0.647708 0.0178413 
192.661 0.00611547 648.529 140.446 132.014 68.5212 45.455 0.235932 3.5974 0.0278507 0.0903386 0.0301129 35.0742 2.2447 6.39986 0.499749 1.42483 0.0555731 
167.172 0.00607985 186.864 86.1328 16.5603 9.90615 7.19759 0.043055 22.8518 0.0211947 0.060637 0.0202123 36.7952 2.69247 7.31744 0.544723 1.48042 0.0552403 
174.058 0.00575208 182.231 159.783 5.92365 3.40327 3.80814 0.0218786 45.6523 0.0100526 0.0220762 0.00735874 33.4541 2.09303 6.25643 0.471364 1.40899 0.0732789 
161.645 0.00623757 208.019 148.986 16.0354 9.92014 13.4831 0.0834117 11.8904 0.0504101 0.134177 0.0447258 35.586 2.98935 8.40036 0.743305 2.08876 0.119965 
163.518 0.00614611 185.294 143.182 11.3471 6.93939 4.98595 0.0304918 32.6326 0.0151461 0.0319752 0.0106584 35.7082 2.09513 5.86737 0.539331 1.51038 0.0585065 

195.971 0.00524943 225 111.364 27.7191 14.1445 8.35872 0.0426529 22.7902 0.0172786 0.0580068 0.0193356 33.3124 1.49442 4.48607 0.288655 0.86651 0.0316222 
183.015 0.00560091 227.32 146.026 28.7779 15.7244 5.42129 0.0296221 32.9336 0.0114096 0.0195682 0.00652272 32.7438 2.06395 6.30334 0.229379 0.700528 0.0325961 
152.056 0.00663341 173.622 115.445 13.3641 8.78894 9.15513 0.0602089 16.4664 0.0400265 0.132003 0.0440011 34.5235 0.943654 2.73336 0.18303 0.53016 0.0207754 
180.849 0.00708163 1002.27 84.4828 189.067 104.545 97.8348 0.540976 1.44336 0.0844541 0.225211 0.0750703 33.6353 2.04997 6.09468 0.195281 0.580583 0.0104783 
216.484 0.00564909 918.75 146.026 182.072 84.1043 60.5794 0.279833 2.92211 0.0274293 0.141639 0.0472129 28.7691 2.97843 10.3529 0.682214 2.37135 0.0577549 
147.76 0.006793 172.266 136.111 9.33701 6.31903 2.93495 0.0198629 50.1577 0.00814497 0.0200286 0.0066762 32.7517 1.53149 4.67606 0.337186 1.02952 0.0376795 
180.374 0.00560963 206.075 156.383 19.5002 10.811 4.83366 0.026798 36.8799 0.013654 0.0242537 0.00808458 29.5332 1.73375 5.8705 0.478835 1.62134 0.0607067 
183.611 0.00613662 882 145.066 127.843 69.6271 58.0659 0.316244 2.8064 0.050254 0.170223 0.0567411 31.5396 1.73627 5.50506 0.415538 1.31751 0.0343482 
151.07 0.00687453 279.114 136.957 38.6624 25.5924 13.3184 0.0881605 10.9221 0.0166575 0.0567345 0.0189115 33.5567 1.63496 4.87222 0.256739 0.76509 0.0247743 
147.696 0.00690389 172.266 93.038 17.3966 11.7786 13.426 0.0909023 10.7885 0.103936 0.237677 0.0792258 35.3141 1.5039 4.25865 0.311395 0.881788 0.0635926 

289.549 0.00647289 1002.27 117.914 336.191 116.108 356.331 1.23064 0.433559 0.328899 0.869568 0.289856 41.8988 4.56929 10.9055 0.258506 0.616976 0.0360244 
299.281 0.0061678 1002.27 83.2075 290.837 97.1785 259.948 0.868574 0.623711 0.368725 0.838235 0.279412 43.867 4.77906 10.8944 0.498861 1.13721 0.058954 
203.65 0.00677646 1002.27 97.1366 198.529 97.4853 144.815 0.711096 1.01902 0.279657 0.663345 0.221115 43.1646 3.18962 7.38944 0.217252 0.503311 0.0247304 
339.197 0.00521758 1002.27 115.445 285 84.0221 168.618 0.497111 1.13665 0.315368 0.698109 0.232703 45.4775 4.53046 9.96198 0.374371 0.8232 0.0213084 
234.796 0.00710317 918.75 82.2761 230.272 98.0731 211.264 0.899777 0.66638 0.458207 0.964086 0.321362 42.2061 5.72633 13.5675 0.810652 1.9207 0.13981 
343.892 0.00628953 1002.27 80.4745 361.694 105.177 65.4823 0.190415 2.42805 0.0873928 0.263824 0.0879414 41.1452 6.0741 14.7626 0.837458 2.03537 0.0448535 
166.29 0.00739229 380.172 86.1328 95.592 57.485 66.7625 0.401481 2.02623 0.241367 0.60668 0.202227 45.726 7.66624 16.7656 0.674615 1.47534 0.160228 
146.241 0.00706785 250.568 123.184 32.379 22.1408 16.1888 0.110699 8.73972 0.0316551 0.0775823 0.0258608 40.3871 5.72441 14.1739 0.609395 1.50889 0.0426762 
129.081 0.00783163 185.294 118.548 15.4852 11.9964 5.66122 0.0438578 22.5547 0.00743154 0.0421902 0.0140634 40.7837 2.22751 5.46178 0.284775 0.698257 0.0228105 
313.568 0.00615955 816.667 120.492 308.093 98.2542 139.235 0.444035 1.16601 0.127902 0.355868 0.118623 40.3828 5.50231 13.6254 0.4328 1.07174 0.0637881 

319.429 0.00564248 1002.27 108.621 282.522 88.446 248.498 0.777946 0.713192 0.370208 0.89947 0.299823 47.5076 6.02397 12.68 0.655473 1.37972 0.0741424 
447.973 0.00460965 1002.27 121.823 372.914 83.2448 262.461 0.585886 0.826546 0.532453 1.07648 0.358827 48.7434 1.66545 3.41677 0.181809 0.372992 0.034236 
196.424 0.0061678 525 119.189 120.189 61.1889 85.628 0.435935 1.89345 0.162968 0.383484 0.127828 50.0468 2.54878 5.0928 0.180705 0.361072 0.0122425 
341.517 0.00523894 1002.27 114.844 306.569 89.7668 233.519 0.68377 0.817401 0.31766 0.773209 0.257736 48.2692 5.05997 10.4828 0.296367 0.613987 0.0577293 
609.453 0.00304107 1102.5 111.364 367.949 60.3737 473.165 0.776376 0.694962 0.606107 2.0263 0.675435 53.6567 4.3058 8.02473 0.487598 0.908737 0.0660784 
253.477 0.00634921 735 106.522 209.867 82.7953 221.822 0.875117 0.710027 0.382449 1.02778 0.342593 49.2569 2.0164 4.09365 0.297053 0.603069 0.0105461 
248.718 0.00630889 1002.27 121.154 253.687 101.998 100.912 0.405727 1.57075 0.124455 0.233482 0.0778275 48.1051 1.29956 2.7015 0.148887 0.309504 0.0144408 
427.267 0.00407029 1050 109.701 298.51 69.8651 368.759 0.863064 0.666242 0.632591 1.80613 0.602043 52.9183 2.92673 5.53066 0.349436 0.660331 0.0372602 
612.631 0.00342229 1102.5 111.364 412.805 67.3823 362.05 0.590975 0.807077 0.588379 1.33241 0.444136 48.867 4.29612 8.79146 0.297118 0.608014 0.0191553 
284.353 0.00622013 1002.27 100.685 311.368 109.5 266.036 0.935583 0.604311 0.314975 0.930607 0.310202 48.5187 4.34989 8.96541 0.54016 1.1133 0.0159571 

289.882 0.00417959 1102.5 167.045 215.478 74.3329 80.4457 0.277512 2.97415 0.0320354 0.18399 0.06133 37.6211 4.21112 11.1935 0.679336 1.80573 0.0623224 
291.036 0.00350007 367.5 242.308 40.0518 13.7618 14.2135 0.0488375 20.1012 0.0151501 0.0397358 0.0132453 39.0909 2.74599 7.02463 0.407062 1.04132 0.0282851 
272.755 0.00383976 367.5 116.667 48.8555 17.9119 17.7322 0.0650115 14.687 0.0770284 0.20126 0.0670866 40.6121 2.68891 6.62095 0.354987 0.874093 0.0302679 
261.051 0.00383394 272.222 245 7.54106 2.88873 5.00303 0.019165 52.134 0.00972601 0.0225825 0.0075275 40.0444 2.9061 7.25719 0.505593 1.26258 0.101502 
258.079 0.00407339 501.136 222.727 77.1309 29.8866 28.3348 0.109791 8.66413 0.0197224 0.0655646 0.0218549 40.6111 1.68248 4.1429 0.316769 0.780006 0.0319269 
243.636 0.00411462 282.692 232.105 12.8352 5.26817 6.34818 0.026056 38.2844 0.0116519 0.0269428 0.00898092 42.8847 2.15301 5.02046 0.41628 0.970695 0.00872107 
238.152 0.00420149 247.753 227.32 5.7831 2.42833 3.53162 0.0148293 67.3942 0.00906708 0.0188897 0.00629658 42.5884 2.46521 5.78847 0.346321 0.813183 0.0407571 
242.332 0.00413523 265.663 222.727 11.2248 4.632 5.82885 0.0240532 41.4875 0.00846033 0.0255899 0.00852997 41.7367 2.24396 5.37646 0.370241 0.887088 0.0232105 
249.051 0.00402284 268.902 229.688 10.8275 4.34751 4.01837 0.0161348 61.861 0.00794046 0.0180376 0.00601253 40.4755 1.69648 4.19137 0.257596 0.636424 0.0151522 
226.755 0.00441723 245 208.019 9.15392 4.03693 4.23338 0.0186694 53.4764 0.00970693 0.0189544 0.00631812 41.1749 1.36871 3.32413 0.247688 0.601552 0.00459231 

175.484 0.00728647 1102.5 93.4322 194.395 110.777 53.6057 0.305474 2.56019 0.0729461 0.208506 0.0695021 38.2947 4.4074 11.5091 0.543011 1.41798 0.0889791 
210.22 0.00738624 1002.27 88.9113 233.623 111.133 208.901 0.993728 0.64809 0.279314 0.884159 0.29472 39.3614 3.85213 9.78656 0.617757 1.56945 0.0771946 
145.488 0.00713832 245 113.077 32.1366 22.0889 14.0806 0.0967819 9.94909 0.0244889 0.0752615 0.0250872 39.0407 2.26671 5.806 0.374966 0.960449 0.0469624 
265.449 0.00747459 1102.5 82.5843 332.481 125.253 253.08 0.953403 0.528634 0.345843 0.79653 0.26551 39.0737 3.63029 9.29087 0.494649 1.26594 0.0639923 
150.958 0.00772608 512.791 86.4706 89.8232 59.5023 42.1801 0.279417 3.06855 0.116504 0.321314 0.107105 36.8722 3.4946 9.47761 0.406226 1.10171 0.0347419 
188.495 0.00712666 918.75 121.154 202.734 107.554 64.4519 0.341929 2.1771 0.0313091 0.10553 0.0351768 38.0595 4.48119 11.7742 0.447505 1.1758 0.04634 
202.362 0.00732275 787.5 101.613 193.799 95.7684 156.253 0.772146 0.873973 0.208318 0.603602 0.201201 39.9512 4.72475 11.8263 0.827081 2.07023 0.143078 
123.009 0.00820513 136.957 92.6471 10.9548 8.90571 7.65476 0.0622294 15.9215 0.0133881 0.0839131 0.027971 38.1096 4.50871 11.8309 0.415382 1.08997 0.0224929 
229.424 0.00715294 882 93.4322 226.252 98.6174 126.265 0.550356 1.10722 0.174901 0.414098 0.138033 39.3208 4.4595 11.3413 0.455223 1.15772 0.0947571 
163.463 0.00806019 648.529 106.01 153.448 93.8727 54.7565 0.334977 2.26579 0.032795 0.113782 0.0379274 38.0833 1.8408 4.83362 0.359507 0.944002 0.0227109 

145.139 0.00720264 239.674 124.576 36.3572 25.0499 20.3011 0.139873 6.83894 0.0354403 0.120333 0.0401111 37.59 3.00697 7.99939 0.550185 1.46365 0.10081 
276.538 0.00634508 1102.5 86.1328 295.077 106.704 152.292 0.55071 1.03487 0.0976144 0.321637 0.107212 39.2605 1.80323 4.59298 0.243592 0.62045 0.0365931 
257.197 0.00671485 787.5 95.4545 239.197 93.0015 156.894 0.610016 0.949196 0.293682 0.667189 0.222396 38.8769 4.86766 12.5207 0.509362 1.31019 0.0679781 
164.297 0.00793003 882 81.3653 164.166 99.9201 107.448 0.653986 1.17362 0.161275 0.562264 0.187421 38.115 3.42482 8.98549 0.286657 0.752085 0.0240459 
207.209 0.00625125 882 113.077 163.633 78.9702 83.9837 0.405309 1.90475 0.123331 0.281675 0.0938917 37.3829 5.6283 15.0558 0.544727 1.45716 0.0294791 
118.951 0.00858538 186.864 105.502 20.6184 17.3335 15.3683 0.129198 7.57906 0.0832272 0.182963 0.0609878 40.9625 1.62928 3.97749 0.282442 0.689512 0.0301475 
220.951 0.00688587 918.75 108.621 226.146 102.352 176.296 0.797899 0.823756 0.188529 0.382656 0.127552 44.192 3.97454 8.9938 0.643508 1.45616 0.0766372 
210.481 0.0067095 689.062 109.158 181.58 86.2689 66.0274 0.313697 2.25728 0.163865 0.325291 0.10843 39.6593 4.60121 11.6018 0.699771 1.76446 0.065208 
214.527 0.00674981 816.667 105.502 188.948 88.0768 130.931 0.610325 1.13153 0.249464 0.49888 0.166293 42.2269 4.70512 11.1425 0.590632 1.39871 0.06152 
276.256 0.00628641 1102.5 114.249 291.237 105.423 205.033 0.742186 0.775841 0.256826 0.623045 0.207682 41.5348 4.63476 11.1588 0.63311 1.52429 0.0244747 

388.574 0.00467404 1102.5 116.667 324.17 83.4256 213.225 0.548738 1.00339 0.320887 0.754558 0.251519 52.9472 4.83225 9.12653 0.363504 0.68654 0.0428355 
425.452 0.00422181 1002.27 134.451 339.887 79.8885 386.932 0.909462 0.612162 0.570564 1.46213 0.487377 53.1673 1.79884 3.38335 0.224073 0.421448 0.0378577 
239.432 0.00554959 760.345 125.284 168.005 70.168 138.27 0.577491 1.3032 0.183708 0.687413 0.229138 52.6068 0.856793 1.62867 0.115849 0.220217 0.00806477 
224.762 0.00625612 1002.27 106.522 220.549 98.1253 132.85 0.59107 1.20319 0.0638891 0.295509 0.098503 48.9089 3.71241 7.59045 0.301573 0.616602 0.0230456 
195.53 0.00606061 501.136 137.812 110.725 56.6279 55.9602 0.286198 2.94852 0.0472498 0.160469 0.0534895 53.496 1.79853 3.362 0.261949 0.48966 0.00543697 
156.99 0.00719693 393.75 117.914 76.2302 48.5573 34.0408 0.216834 4.08181 0.0319276 0.119156 0.0397186 50.0084 3.87327 7.74525 0.438908 0.877668 0.0277139 
266.571 0.00599337 1002.27 133.636 278.116 104.331 129.46 0.485648 1.28883 0.0753331 0.158218 0.0527393 50.728 3.91526 7.71813 0.308311 0.607773 0.0201733 
358.151 0.00554497 1002.27 115.445 353.387 98.6698 241.142 0.673298 0.747871 0.358085 0.566228 0.188743 51.6956 3.46277 6.69838 0.234623 0.453854 0.0167025 
307.288 0.00525775 787.5 107.561 230.736 75.0879 282.327 0.918768 0.673672 0.400544 1.47167 0.490556 53.2767 2.60752 4.89431 0.347844 0.652901 0.0393123 
434.83 0.00367347 848.077 109.158 256.813 59.0606 296.323 0.681467 0.918668 0.460802 1.4679 0.4893 55.4576 2.05457 3.70476 0.209379 0.377549 0.0103967 

181.244 0.00666969 689.062 121.823 137.623 75.9323 84.0341 0.463652 1.78418 0.141927 0.27617 0.0920566 44.161 6.13462 13.8915 0.928202 2.10186 0.0581382 
217.489 0.00571202 1002.27 121.154 184.32 84.7488 114.694 0.527352 1.52641 0.201965 0.350227 0.116742 44.1298 4.22946 9.58415 0.4051 0.917975 0.0606587 
198.43 0.00656387 882 123.184 186.501 93.988 120.195 0.605729 1.26752 0.138185 0.357687 0.119229 43.2779 1.5663 3.61918 0.316825 0.732071 0.0273765 
168.861 0.00615825 334.091 138.679 42.5807 25.2164 15.3717 0.0910316 10.5638 0.0276899 0.0697446 0.0232482 45.2546 2.13087 4.70863 0.285792 0.631521 0.0354143 
158.818 0.00655448 195.133 86.1328 28.3915 17.8768 10.7818 0.0678879 14.1504 0.0277689 0.128615 0.0428716 42.3992 1.78522 4.2105 0.285309 0.672911 0.0429293 
274.746 0.0059702 1050 128.198 290.058 105.573 171.081 0.622686 0.979062 0.0944981 0.322843 0.107614 44.7856 6.19103 13.8237 0.941027 2.10118 0.0366053 
423.894 0.00471655 918.75 93.4322 328.302 77.4489 241.492 0.569698 0.877957 0.326538 0.653846 0.217949 45.0868 4.28256 9.49848 1.02098 2.26446 0.0897926 
178.635 0.00620937 315 132.036 67.0052 37.5096 30.9722 0.173383 5.19972 0.0653682 0.173098 0.0576993 43.6874 4.86786 11.1425 0.602982 1.38022 0.0151881 
245.516 0.00620078 1002.27 121.823 256.893 104.634 160.597 0.65412 1.00419 0.224762 0.52518 0.17506 42.7118 2.54976 5.96967 0.407723 0.954591 0.0319937 
250.185 0.00597942 958.696 128.198 232.943 93.1081 69.468 0.277667 2.40744 0.0596655 0.105495 0.035165 45.1511 5.01374 11.1044 0.377546 0.836185 0.0794396 

235.539 0.00560978 1050 103.037 215.973 91.6927 122.832 0.521493 1.45125 0.145604 0.321834 0.107278 30.3857 3.46735 11.4111 0.815367 2.68339 0.0800144 
185.695 0.00596578 450 139.557 84.9173 45.7295 31.9118 0.171851 5.25268 0.025195 0.0836213 0.0278738 32.765 4.13188 12.6106 0.706448 2.1561 0.292311 
161.442 0.00619666 165.789 156.383 3.20641 1.98611 2.81828 0.017457 57.2608 0.0125463 0.0252088 0.00840295 36.3213 2.51848 6.93388 0.463538 1.27621 0.0652655 
170.231 0.00605159 319.565 151.027 38.9115 22.8581 13.0755 0.0768103 12.6379 0.0154879 0.0540649 0.0180216 36.3922 2.82962 7.77535 0.29599 0.813336 0.0364147 
288.999 0.00501425 1102.5 135.276 280.148 96.9377 95.7913 0.33146 2.08194 0.138562 0.264247 0.0880823 33.8002 3.27194 9.68025 0.436415 1.29116 0.0609173 
300.788 0.00561661 1102.5 145.066 341.958 113.687 82.2807 0.273551 2.16385 0.0764389 0.198193 0.0660644 37.7544 3.19476 8.46197 0.643373 1.7041 0.0359611 
228.273 0.0069161 689.062 86.1328 205.063 89.8324 119.827 0.524929 1.20666 0.217869 0.590164 0.196721 37.1746 3.40837 9.16854 0.568048 1.52805 0.078351 
344.475 0.00474463 1102.5 145.066 320.169 92.9441 145.649 0.422814 1.44707 0.137417 0.25003 0.0833433 34.8898 3.57936 10.2591 0.493615 1.41478 0.067481 
185.575 0.00598262 441 142.258 82.5776 44.4982 30.1349 0.162387 5.54676 0.048326 0.0750474 0.0250158 30.5596 2.63348 8.61752 0.903186 2.95549 0.0439338 
183.228 0.00567848 218.317 88.9113 29.7054 16.2123 13.4445 0.0733757 13.0986 0.0305619 0.18557 0.0618566 31.2947 2.98297 9.53185 0.629253 2.01073 0.0779619 

324.984 0.00535021 1002.27 83.2075 281.455 86.6057 292.773 0.900882 0.638408 0.46192 1.33705 0.445685 43.3427 3.28553 7.58034 0.341281 0.787402 0.0435359 
405.79 0.00603822 1002.27 86.1328 391.381 96.4493 431.005 1.06214 0.384245 0.76309 1.59165 0.53055 50.1485 2.23081 4.44841 0.191389 0.381645 0.0334744 
424.067 0.0053458 1102.5 98 387.594 91.3994 441.986 1.04226 0.423232 0.419795 1.25375 0.417916 42.8524 2.64837 6.18022 0.222726 0.519753 0.022304 
494.627 0.0049757 1002.27 88.9113 417.046 84.3153 368.151 0.7443 0.545908 0.598775 1.44154 0.480514 42.9621 5.08802 11.843 0.488329 1.13665 0.0185988 
366.116 0.00558277 1002.27 83.8403 335.442 91.6216 219.564 0.59971 0.815812 0.49472 0.95683 0.318943 48.1522 1.90115 3.94822 0.313852 0.651792 0.0281846 
417.3 0.00439909 1002.27 109.158 350.841 84.0741 192.687 0.461748 1.17973 0.545876 1.32268 0.440893 49.2485 2.61689 5.31365 0.358848 0.728646 0.0774045 
533.415 0.00431251 1002.27 101.613 409.719 76.8104 524.241 0.982801 0.442322 0.527916 2.32409 0.774697 43.7119 2.58224 5.9074 0.605115 1.38433 0.0887839 
590.327 0.00380952 1002.27 86.1328 359.682 60.9292 418.408 0.708773 0.627378 0.802381 1.6119 0.537302 45.2194 3.68535 8.14994 0.330825 0.731599 0.0400685 
540.868 0.00324717 1002.27 107.561 311.789 57.646 453.948 0.839295 0.678405 0.642458 2.28406 0.761352 46.6734 3.0601 6.55641 0.403268 0.864023 0.0848805 
439.665 0.00518214 1002.27 104.502 344.502 78.3556 394.439 0.897136 0.489228 0.598486 1.67979 0.559929 44.2742 1.19916 2.70849 0.177612 0.401163 0.0110389 

1 0 0 0 0 0 0 0 0 0 0 0 0 0 0 0 0 0 0 0 0 0 0 0 0 0 0 0 0 0 0 0 0 0 0 0 0 0 0 0 
1 0 0 0 0 0 0 0 0 0 0 0 0 0 0 0 0 0 0 0 0 0 0 0 0 0 0 0 0 0 0 0 0 0 0 0 0 0 0 0 
1 0 0 0 0 0 0 0 0 0 0 0 0 0 0 0 0 0 0 0 0 0 0 0 0 0 0 0 0 0 0 0 0 0 0 0 0 0 0 0 
1 0 0 0 0 0 0 0 0 0 0 0 0 0 0 0 0 0 0 0 0 0 0 0 0 0 0 0 0 0 0 0 0 0 0 0 0 0 0 0 
1 0 0 0 0 0 0 0 0 0 0 0 0 0 0 0 0 0 0 0 0 0 0 0 0 0 0 0 0 0 0 0 0 0 0 0 0 0 0 0 
1 0 0 0 0 0 0 0 0 0 0 0 0 0 0 0 0 0 0 0 0 0 0 0 0 0 0 0 0 0 0 0 0 0 0 0 0 0 0 0 
1 0 0 0 0 0 0 0 0 0 0 0 0 0 0 0 0 0 0 0 0 0 0 0 0 0 0 0 0 0 0 0 0 0 0 0 0 0 0 0 
1 0 0 0 0 0 0 0 0 0 0 0 0 0 0 0 0 0 0 0 0 0 0 0 0 0 0 0 0 0 0 0 0 0 0 0 0 0 0 0 
1 0 0 0 0 0 0 0 0 0 0 0 0 0 0 0 0 0 0 0 0 0 0 0 0 0 0 0 0 0 0 0 0 0 0 0 0 0 0 0 
1 0 0 0 0 0 0 0 0 0 0 0 0 0 0 0 0 0 0 0 0 0 0 0 0 0 0 0 0 0 0 0 0 0 0 0 0 0 0 0 

0 1 0 0 0 0 0 0 0 0 0 0 0 0 0 0 0 0 0 0 0 0 0 0 0 0 0 0 0 0 0 0 0 0 0 0 0 0 0 0 
0 1 0 0 0 0 0 0 0 0 0 0 0 0 0 0 0 0 0 0 0 0 0 0 0 0 0 0 0 0 0 0 0 0 0 0 0 0 0 0 
0 1 0 0 0 0 0 0 0 0 0 0 0 0 0 0 0 0 0 0 0 0 0 0 0 0 0 0 0 0 0 0 0 0 0 0 0 0 0 0 
0 1 0 0 0 0 0 0 0 0 0 0 0 0 0 0 0 0 0 0 0 0 0 0 0 0 0 0 0 0 0 0 0 0 0 0 0 0 0 0 
0 1 0 0 0 0 0 0 0 0 0 0 0 0 0 0 0 0 0 0 0 0 0 0 0 0 0 0 0 0 0 0 0 0 0 0 0 0 0 0 
0 1 0 0 0 0 0 0 0 0 0 0 0 0 0 0 0 0 0 0 0 0 0 0 0 0 0 0 0 0 0 0 0 0 0 0 0 0 0 0 
0 1 0 0 0 0 0 0 0 0 0 0 0 0 0 0 0 0 0 0 0 0 0 0 0 0 0 0 0 0 0 0 0 0 0 0 0 0 0 0 
0 1 0 0 0 0 0 0 0 0 0 0 0 0 0 0 0 0 0 0 0 0 0 0 0 0 0 0 0 0 0 0 0 0 0 0 0 0 0 0 
0 1 0 0 0 0 0 0 0 0 0 0 0 0 0 0 0 0 0 0 0 0 0 0 0 0 0 0 0 0 0 0 0 0 0 0 0 0 0 0 
0 1 0 0 0 0 0 0 0 0 0 0 0 0 0 0 0 0 0 0 0 0 0 0 0 0 0 0 0 0 0 0 0 0 0 0 0 0 0 0 

0 0 1 0 0 0 0 0 0 0 0 0 0 0 0 0 0 0 0 0 0 0 0 0 0 0 0 0 0 0 0 0 0 0 0 0 0 0 0 0 
0 0 1 0 0 0 0 0 0 0 0 0 0 0 0 0 0 0 0 0 0 0 0 0 0 0 0 0 0 0 0 0 0 0 0 0 0 0 0 0 
0 0 1 0 0 0 0 0 0 0 0 0 0 0 0 0 0 0 0 0 0 0 0 0 0 0 0 0 0 0 0 0 0 0 0 0 0 0 0 0 
0 0 1 0 0 0 0 0 0 0 0 0 0 0 0 0 0 0 0 0 0 0 0 0 0 0 0 0 0 0 0 0 0 0 0 0 0 0 0 0 
0 0 1 0 0 0 0 0 0 0 0 0 0 0 0 0 0 0 0 0 0 0 0 0 0 0 0 0 0 0 0 0 0 0 0 0 0 0 0 0 
0 0 1 0 0 0 0 0 0 0 0 0 0 0 0 0 0 0 0 0 0 0 0 0 0 0 0 0 0 0 0 0 0 0 0 0 0 0 0 0 
0 0 1 0 0 0 0 0 0 0 0 0 0 0 0 0 0 0 0 0 0 0 0 0 0 0 0 0 0 0 0 0 0 0 0 0 0 0 0 0 
0 0 1 0 0 0 0 0 0 0 0 0 0 0 0 0 0 0 0 0 0 0 0 0 0 0 0 0 0 0 0 0 0 0 0 0 0 0 0 0 
0 0 1 0 0 0 0 0 0 0 0 0 0 0 0 0 0 0 0 0 0 0 0 0 0 0 0 0 0 0 0 0 0 0 0 0 0 0 0 0 
0 0 1 0 0 0 0 0 0 0 0 0 0 0 0 0 0 0 0 0 0 0 0 0 0 0 0 0 0 0 0 0 0 0 0 0 0 0 0 0 

0 0 0 1 0 0 0 0 0 0 0 0 0 0 0 0 0 0 0 0 0 0 0 0 0 0 0 0 0 0 0 0 0 0 0 0 0 0 0 0 
0 0 0 1 0 0 0 0 0 0 0 0 0 0 0 0 0 0 0 0 0 0 0 0 0 0 0 0 0 0 0 0 0 0 0 0 0 0 0 0 
0 0 0 1 0 0 0 0 0 0 0 0 0 0 0 0 0 0 0 0 0 0 0 0 0 0 0 0 0 0 0 0 0 0 0 0 0 0 0 0 
0 0 0 1 0 0 0 0 0 0 0 0 0 0 0 0 0 0 0 0 0 0 0 0 0 0 0 0 0 0 0 0 0 0 0 0 0 0 0 0 
0 0 0 1 0 0 0 0 0 0 0 0 0 0 0 0 0 0 0 0 0 0 0 0 0 0 0 0 0 0 0 0 0 0 0 0 0 0 0 0 
0 0 0 1 0 0 0 0 0 0 0 0 0 0 0 0 0 0 0 0 0 0 0 0 0 0 0 0 0 0 0 0 0 0 0 0 0 0 0 0 
0 0 0 1 0 0 0 0 0 0 0 0 0 0 0 0 0 0 0 0 0 0 0 0 0 0 0 0 0 0 0 0 0 0 0 0 0 0 0 0 
0 0 0 1 0 0 0 0 0 0 0 0 0 0 0 0 0 0 0 0 0 0 0 0 0 0 0 0 0 0 0 0 0 0 0 0 0 0 0 0 
0 0 0 1 0 0 0 0 0 0 0 0 0 0 0 0 0 0 0 0 0 0 0 0 0 0 0 0 0 0 0 0 0 0 0 0 0 0 0 0 
0 0 0 1 0 0 0 0 0 0 0 0 0 0 0 0 0 0 0 0 0 0 0 0 0 0 0 0 0 0 0 0 0 0 0 0 0 0 0 0 

0 0 0 0 1 0 0 0 0 0 0 0 0 0 0 0 0 0 0 0 0 0 0 0 0 0 0 0 0 0 0 0 0 0 0 0 0 0 0 0 
0 0 0 0 1 0 0 0 0 0 0 0 0 0 0 0 0 0 0 0 0 0 0 0 0 0 0 0 0 0 0 0 0 0 0 0 0 0 0 0 
0 0 0 0 1 0 0 0 0 0 0 0 0 0 0 0 0 0 0 0 0 0 0 0 0 0 0 0 0 0 0 0 0 0 0 0 0 0 0 0 
0 0 0 0 1 0 0 0 0 0 0 0 0 0 0 0 0 0 0 0 0 0 0 0 0 0 0 0 0 0 0 0 0 0 0 0 0 0 0 0 
0 0 0 0 1 0 0 0 0 0 0 0 0 0 0 0 0 0 0 0 0 0 0 0 0 0 0 0 0 0 0 0 0 0 0 0 0 0 0 0 
0 0 0 0 1 0 0 0 0 0 0 0 0 0 0 0 0 0 0 0 0 0 0 0 0 0 0 0 0 0 0 0 0 0 0 0 0 0 0 0 
0 0 0 0 1 0 0 0 0 0 0 0 0 0 0 0 0 0 0 0 0 0 0 0 0 0 0 0 0 0 0 0 0 0 0 0 0 0 0 0 
0 0 0 0 1 0 0 0 0 0 0 0 0 0 0 0 0 0 0 0 0 0 0 0 0 0 0 0 0 0 0 0 0 0 0 0 0 0 0 0 
0 0 0 0 1 0 0 0 0 0 0 0 0 0 0 0 0 0 0 0 0 0 0 0 0 0 0 0 0 0 0 0 0 0 0 0 0 0 0 0 
0 0 0 0 1 0 0 0 0 0 0 0 0 0 0 0 0 0 0 0 0 0 0 0 0 0 0 0 0 0 0 0 0 0 0 0 0 0 0 0 

0 0 0 0 0 1 0 0 0 0 0 0 0 0 0 0 0 0 0 0 0 0 0 0 0 0 0 0 0 0 0 0 0 0 0 0 0 0 0 0 
0 0 0 0 0 1 0 0 0 0 0 0 0 0 0 0 0 0 0 0 0 0 0 0 0 0 0 0 0 0 0 0 0 0 0 0 0 0 0 0 
0 0 0 0 0 1 0 0 0 0 0 0 0 0 0 0 0 0 0 0 0 0 0 0 0 0 0 0 0 0 0 0 0 0 0 0 0 0 0 0 
0 0 0 0 0 1 0 0 0 0 0 0 0 0 0 0 0 0 0 0 0 0 0 0 0 0 0 0 0 0 0 0 0 0 0 0 0 0 0 0 
0 0 0 0 0 1 0 0 0 0 0 0 0 0 0 0 0 0 0 0 0 0 0 0 0 0 0 0 0 0 0 0 0 0 0 0 0 0 0 0 
0 0 0 0 0 1 0 0 0 0 0 0 0 0 0 0 0 0 0 0 0 0 0 0 0 0 0 0 0 0 0 0 0 0 0 0 0 0 0 0 
0 0 0 0 0 1 0 0 0 0 0 0 0 0 0 0 0 0 0 0 0 0 0 0 0 0 0 0 0 0 0 0 0 0 0 0 0 0 0 0 
0 0 0 0 0 1 0 0 0 0 0 0 0 0 0 0 0 0 0 0 0 0 0 0 0 0 0 0 0 0 0 0 0 0 0 0 0 0 0 0 
0 0 0 0 0 1 0 0 0 0 0 0 0 0 0 0 0 0 0 0 0 0 0 0 0 0 0 0 0 0 0 0 0 0 0 0 0 0 0 0 
0 0 0 0 0 1 0 0 0 0 0 0 0 0 0 0 0 0 0 0 0 0 0 0 0 0 0 0 0 0 0 0 0 0 0 0 0 0 0 0 

0 0 0 0 0 0 1 0 0 0 0 0 0 0 0 0 0 0 0 0 0 0 0 0 0 0 0 0 0 0 0 0 0 0 0 0 0 0 0 0 
0 0 0 0 0 0 1 0 0 0 0 0 0 0 0 0 0 0 0 0 0 0 0 0 0 0 0 0 0 0 0 0 0 0 0 0 0 0 0 0 
0 0 0 0 0 0 1 0 0 0 0 0 0 0 0 0 0 0 0 0 0 0 0 0 0 0 0 0 0 0 0 0 0 0 0 0 0 0 0 0 
0 0 0 0 0 0 1 0 0 0 0 0 0 0 0 0 0 0 0 0 0 0 0 0 0 0 0 0 0 0 0 0 0 0 0 0 0 0 0 0 
0 0 0 0 0 0 1 0 0 0 0 0 0 0 0 0 0 0 0 0 0 0 0 0 0 0 0 0 0 0 0 0 0 0 0 0 0 0 0 0 
0 0 0 0 0 0 1 0 0 0 0 0 0 0 0 0 0 0 0 0 0 0 0 0 0 0 0 0 0 0 0 0 0 0 0 0 0 0 0 0 
0 0 0 0 0 0 1 0 0 0 0 0 0 0 0 0 0 0 0 0 0 0 0 0 0 0 0 0 0 0 0 0 0 0 0 0 0 0 0 0 
0 0 0 0 0 0 1 0 0 0 0 0 0 0 0 0 0 0 0 0 0 0 0 0 0 0 0 0 0 0 0 0 0 0 0 0 0 0 0 0 
0 0 0 0 0 0 1 0 0 0 0 0 0 0 0 0 0 0 0 0 0 0 0 0 0 0 0 0 0 0 0 0 0 0 0 0 0 0 0 0 
0 0 0 0 0 0 1 0 0 0 0 0 0 0 0 0 0 0 0 0 0 0 0 0 0 0 0 0 0 0 0 0 0 0 0 0 0 0 0 0 

0 0 0 0 0 0 0 1 0 0 0 0 0 0 0 0 0 0 0 0 0 0 0 0 0 0 0 0 0 0 0 0 0 0 0 0 0 0 0 0 
0 0 0 0 0 0 0 1 0 0 0 0 0 0 0 0 0 0 0 0 0 0 0 0 0 0 0 0 0 0 0 0 0 0 0 0 0 0 0 0 
0 0 0 0 0 0 0 1 0 0 0 0 0 0 0 0 0 0 0 0 0 0 0 0 0 0 0 0 0 0 0 0 0 0 0 0 0 0 0 0 
0 0 0 0 0 0 0 1 0 0 0 0 0 0 0 0 0 0 0 0 0 0 0 0 0 0 0 0 0 0 0 0 0 0 0 0 0 0 0 0 
0 0 0 0 0 0 0 1 0 0 0 0 0 0 0 0 0 0 0 0 0 0 0 0 0 0 0 0 0 0 0 0 0 0 0 0 0 0 0 0 
0 0 0 0 0 0 0 1 0 0 0 0 0 0 0 0 0 0 0 0 0 0 0 0 0 0 0 0 0 0 0 0 0 0 0 0 0 0 0 0 
0 0 0 0 0 0 0 1 0 0 0 0 0 0 0 0 0 0 0 0 0 0 0 0 0 0 0 0 0 0 0 0 0 0 0 0 0 0 0 0 
0 0 0 0 0 0 0 1 0 0 0 0 0 0 0 0 0 0 0 0 0 0 0 0 0 0 0 0 0 0 0 0 0 0 0 0 0 0 0 0 
0 0 0 0 0 0 0 1 0 0 0 0 0 0 0 0 0 0 0 0 0 0 0 0 0 0 0 0 0 0 0 0 0 0 0 0 0 0 0 0 
0 0 0 0 0 0 0 1 0 0 0 0 0 0 0 0 0 0 0 0 0 0 0 0 0 0 0 0 0 0 0 0 0 0 0 0 0 0 0 0 

0 0 0 0 0 0 0 0 1 0 0 0 0 0 0 0 0 0 0 0 0 0 0 0 0 0 0 0 0 0 0 0 0 0 0 0 0 0 0 0 
0 0 0 0 0 0 0 0 1 0 0 0 0 0 0 0 0 0 0 0 0 0 0 0 0 0 0 0 0 0 0 0 0 0 0 0 0 0 0 0 
0 0 0 0 0 0 0 0 1 0 0 0 0 0 0 0 0 0 0 0 0 0 0 0 0 0 0 0 0 0 0 0 0 0 0 0 0 0 0 0 
0 0 0 0 0 0 0 0 1 0 0 0 0 0 0 0 0 0 0 0 0 0 0 0 0 0 0 0 0 0 0 0 0 0 0 0 0 0 0 0 
0 0 0 0 0 0 0 0 1 0 0 0 0 0 0 0 0 0 0 0 0 0 0 0 0 0 0 0 0 0 0 0 0 0 0 0 0 0 0 0 
0 0 0 0 0 0 0 0 1 0 0 0 0 0 0 0 0 0 0 0 0 0 0 0 0 0 0 0 0 0 0 0 0 0 0 0 0 0 0 0 
0 0 0 0 0 0 0 0 1 0 0 0 0 0 0 0 0 0 0 0 0 0 0 0 0 0 0 0 0 0 0 0 0 0 0 0 0 0 0 0 
0 0 0 0 0 0 0 0 1 0 0 0 0 0 0 0 0 0 0 0 0 0 0 0 0 0 0 0 0 0 0 0 0 0 0 0 0 0 0 0 
0 0 0 0 0 0 0 0 1 0 0 0 0 0 0 0 0 0 0 0 0 0 0 0 0 0 0 0 0 0 0 0 0 0 0 0 0 0 0 0 
0 0 0 0 0 0 0 0 1 0 0 0 0 0 0 0 0 0 0 0 0 0 0 0 0 0 0 0 0 0 0 0 0 0 0 0 0 0 0 0 

0 0 0 0 0 0 0 0 0 1 0 0 0 0 0 0 0 0 0 0 0 0 0 0 0 0 0 0 0 0 0 0 0 0 0 0 0 0 0 0 
0 0 0 0 0 0 0 0 0 1 0 0 0 0 0 0 0 0 0 0 0 0 0 0 0 0 0 0 0 0 0 0 0 0 0 0 0 0 0 0 
0 0 0 0 0 0 0 0 0 1 0 0 0 0 0 0 0 0 0 0 0 0 0 0 0 0 0 0 0 0 0 0 0 0 0 0 0 0 0 0 
0 0 0 0 0 0 0 0 0 1 0 0 0 0 0 0 0 0 0 0 0 0 0 0 0 0 0 0 0 0 0 0 0 0 0 0 0 0 0 0 
0 0 0 0 0 0 0 0 0 1 0 0 0 0 0 0 0 0 0 0 0 0 0 0 0 0 0 0 0 0 0 0 0 0 0 0 0 0 0 0 
0 0 0 0 0 0 0 0 0 1 0 0 0 0 0 0 0 0 0 0 0 0 0 0 0 0 0 0 0 0 0 0 0 0 0 0 0 0 0 0 
0 0 0 0 0 0 0 0 0 1 0 0 0 0 0 0 0 0 0 0 0 0 0 0 0 0 0 0 0 0 0 0 0 0 0 0 0 0 0 0 
0 0 0 0 0 0 0 0 0 1 0 0 0 0 0 0 0 0 0 0 0 0 0 0 0 0 0 0 0 0 0 0 0 0 0 0 0 0 0 0 
0 0 0 0 0 0 0 0 0 1 0 0 0 0 0 0 0 0 0 0 0 0 0 0 0 0 0 0 0 0 0 0 0 0 0 0 0 0 0 0 
0 0 0 0 0 0 0 0 0 1 0 0 0 0 0 0 0 0 0 0 0 0 0 0 0 0 0 0 0 0 0 0 0 0 0 0 0 0 0 0 

0 0 0 0 0 0 0 0 0 0 1 0 0 0 0 0 0 0 0 0 0 0 0 0 0 0 0 0 0 0 0 0 0 0 0 0 0 0 0 0 
0 0 0 0 0 0 0 0 0 0 1 0 0 0 0 0 0 0 0 0 0 0 0 0 0 0 0 0 0 0 0 0 0 0 0 0 0 0 0 0 
0 0 0 0 0 0 0 0 0 0 1 0 0 0 0 0 0 0 0 0 0 0 0 0 0 0 0 0 0 0 0 0 0 0 0 0 0 0 0 0 
0 0 0 0 0 0 0 0 0 0 1 0 0 0 0 0 0 0 0 0 0 0 0 0 0 0 0 0 0 0 0 0 0 0 0 0 0 0 0 0 
0 0 0 0 0 0 0 0 0 0 1 0 0 0 0 0 0 0 0 0 0 0 0 0 0 0 0 0 0 0 0 0 0 0 0 0 0 0 0 0 
0 0 0 0 0 0 0 0 0 0 1 0 0 0 0 0 0 0 0 0 0 0 0 0 0 0 0 0 0 0 0 0 0 0 0 0 0 0 0 0 
0 0 0 0 0 0 0 0 0 0 1 0 0 0 0 0 0 0 0 0 0 0 0 0 0 0 0 0 0 0 0 0 0 0 0 0 0 0 0 0 
0 0 0 0 0 0 0 0 0 0 1 0 0 0 0 0 0 0 0 0 0 0 0 0 0 0 0 0 0 0 0 0 0 0 0 0 0 0 0 0 
0 0 0 0 0 0 0 0 0 0 1 0 0 0 0 0 0 0 0 0 0 0 0 0 0 0 0 0 0 0 0 0 0 0 0 0 0 0 0 0 
0 0 0 0 0 0 0 0 0 0 1 0 0 0 0 0 0 0 0 0 0 0 0 0 0 0 0 0 0 0 0 0 0 0 0 0 0 0 0 0 

0 0 0 0 0 0 0 0 0 0 0 1 0 0 0 0 0 0 0 0 0 0 0 0 0 0 0 0 0 0 0 0 0 0 0 0 0 0 0 0 
0 0 0 0 0 0 0 0 0 0 0 1 0 0 0 0 0 0 0 0 0 0 0 0 0 0 0 0 0 0 0 0 0 0 0 0 0 0 0 0 
0 0 0 0 0 0 0 0 0 0 0 1 0 0 0 0 0 0 0 0 0 0 0 0 0 0 0 0 0 0 0 0 0 0 0 0 0 0 0 0 
0 0 0 0 0 0 0 0 0 0 0 1 0 0 0 0 0 0 0 0 0 0 0 0 0 0 0 0 0 0 0 0 0 0 0 0 0 0 0 0 
0 0 0 0 0 0 0 0 0 0 0 1 0 0 0 0 0 0 0 0 0 0 0 0 0 0 0 0 0 0 0 0 0 0 0 0 0 0 0 0 
0 0 0 0 0 0 0 0 0 0 0 1 0 0 0 0 0 0 0 0 0 0 0 0 0 0 0 0 0 0 0 0 0 0 0 0 0 0 0 0 
0 0 0 0 0 0 0 0 0 0 0 1 0 0 0 0 0 0 0 0 0 0 0 0 0 0 0 0 0 0 0 0 0 0 0 0 0 0 0 0 
0 0 0 0 0 0 0 0 0 0 0 1 0 0 0 0 0 0 0 0 0 0 0 0 0 0 0 0 0 0 0 0 0 0 0 0 0 0 0 0 
0 0 0 0 0 0 0 0 0 0 0 1 0 0 0 0 0 0 0 0 0 0 0 0 0 0 0 0 0 0 0 0 0 0 0 0 0 0 0 0 
0 0 0 0 0 0 0 0 0 0 0 1 0 0 0 0 0 0 0 0 0 0 0 0 0 0 0 0 0 0 0 0 0 0 0 0 0 0 0 0 

0 0 0 0 0 0 0 0 0 0 0 0 1 0 0 0 0 0 0 0 0 0 0 0 0 0 0 0 0 0 0 0 0 0 0 0 0 0 0 0 
0 0 0 0 0 0 0 0 0 0 0 0 1 0 0 0 0 0 0 0 0 0 0 0 0 0 0 0 0 0 0 0 0 0 0 0 0 0 0 0 
0 0 0 0 0 0 0 0 0 0 0 0 1 0 0 0 0 0 0 0 0 0 0 0 0 0 0 0 0 0 0 0 0 0 0 0 0 0 0 0 
0 0 0 0 0 0 0 0 0 0 0 0 1 0 0 0 0 0 0 0 0 0 0 0 0 0 0 0 0 0 0 0 0 0 0 0 0 0 0 0 
0 0 0 0 0 0 0 0 0 0 0 0 1 0 0 0 0 0 0 0 0 0 0 0 0 0 0 0 0 0 0 0 0 0 0 0 0 0 0 0 
0 0 0 0 0 0 0 0 0 0 0 0 1 0 0 0 0 0 0 0 0 0 0 0 0 0 0 0 0 0 0 0 0 0 0 0 0 0 0 0 
0 0 0 0 0 0 0 0 0 0 0 0 1 0 0 0 0 0 0 0 0 0 0 0 0 0 0 0 0 0 0 0 0 0 0 0 0 0 0 0 
0 0 0 0 0 0 0 0 0 0 0 0 1 0 0 0 0 0 0 0 0 0 0 0 0 0 0 0 0 0 0 0 0 0 0 0 0 0 0 0 
0 0 0 0 0 0 0 0 0 0 0 0 1 0 0 0 0 0 0 0 0 0 0 0 0 0 0 0 0 0 0 0 0 0 0 0 0 0 0 0 
0 0 0 0 0 0 0 0 0 0 0 0 1 0 0 0 0 0 0 0 0 0 0 0 0 0 0 0 0 0 0 0 0 0 0 0 0 0 0 0 

0 0 0 0 0 0 0 0 0 0 0 0 0 1 0 0 0 0 0 0 0 0 0 0 0 0 0 0 0 0 0 0 0 0 0 0 0 0 0 0 
0 0 0 0 0 0 0 0 0 0 0 0 0 1 0 0 0 0 0 0 0 0 0 0 0 0 0 0 0 0 0 0 0 0 0 0 0 0 0 0 
0 0 0 0 0 0 0 0 0 0 0 0 0 1 0 0 0 0 0 0 0 0 0 0 0 0 0 0 0 0 0 0 0 0 0 0 0 0 0 0 
0 0 0 0 0 0 0 0 0 0 0 0 0 1 0 0 0 0 0 0 0 0 0 0 0 0 0 0 0 0 0 0 0 0 0 0 0 0 0 0 
0 0 0 0 0 0 0 0 0 0 0 0 0 1 0 0 0 0 0 0 0 0 0 0 0 0 0 0 0 0 0 0 0 0 0 0 0 0 0 0 
0 0 0 0 0 0 0 0 0 0 0 0 0 1 0 0 0 0 0 0 0 0 0 0 0 0 0 0 0 0 0 0 0 0 0 0 0 0 0 0 
0 0 0 0 0 0 0 0 0 0 0 0 0 1 0 0 0 0 0 0 0 0 0 0 0 0 0 0 0 0 0 0 0 0 0 0 0 0 0 0 
0 0 0 0 0 0 0 0 0 0 0 0 0 1 0 0 0 0 0 0 0 0 0 0 0 0 0 0 0 0 0 0 0 0 0 0 0 0 0 0 
0 0 0 0 0 0 0 0 0 0 0 0 0 1 0 0 0 0 0 0 0 0 0 0 0 0 0 0 0 0 0 0 0 0 0 0 0 0 0 0 
0 0 0 0 0 0 0 0 0 0 0 0 0 1 0 0 0 0 0 0 0 0 0 0 0 0 0 0 0 0 0 0 0 0 0 0 0 0 0 0 

0 0 0 0 0 0 0 0 0 0 0 0 0 0 1 0 0 0 0 0 0 0 0 0 0 0 0 0 0 0 0 0 0 0 0 0 0 0 0 0 
0 0 0 0 0 0 0 0 0 0 0 0 0 0 1 0 0 0 0 0 0 0 0 0 0 0 0 0 0 0 0 0 0 0 0 0 0 0 0 0 
0 0 0 0 0 0 0 0 0 0 0 0 0 0 1 0 0 0 0 0 0 0 0 0 0 0 0 0 0 0 0 0 0 0 0 0 0 0 0 0 
0 0 0 0 0 0 0 0 0 0 0 0 0 0 1 0 0 0 0 0 0 0 0 0 0 0 0 0 0 0 0 0 0 0 0 0 0 0 0 0 
0 0 0 0 0 0 0 0 0 0 0 0 0 0 1 0 0 0 0 0 0 0 0 0 0 0 0 0 0 0 0 0 0 0 0 0 0 0 0 0 
0 0 0 0 0 0 0 0 0 0 0 0 0 0 1 0 0 0 0 0 0 0 0 0 0 0 0 0 0 0 0 0 0 0 0 0 0 0 0 0 
0 0 0 0 0 0 0 0 0 0 0 0 0 0 1 0 0 0 0 0 0 0 0 0 0 0 0 0 0 0 0 0 0 0 0 0 0 0 0 0 
0 0 0 0 0 0 0 0 0 0 0 0 0 0 1 0 0 0 0 0 0 0 0 0 0 0 0 0 0 0 0 0 0 0 0 0 0 0 0 0 
0 0 0 0 0 0 0 0 0 0 0 0 0 0 1 0 0 0 0 0 0 0 0 0 0 0 0 0 0 0 0 0 0 0 0 0 0 0 0 0 
0 0 0 0 0 0 0 0 0 0 0 0 0 0 1 0 0 0 0 0 0 0 0 0 0 0 0 0 0 0 0 0 0 0 0 0 0 0 0 0 

0 0 0 0 0 0 0 0 0 0 0 0 0 0 0 1 0 0 0 0 0 0 0 0 0 0 0 0 0 0 0 0 0 0 0 0 0 0 0 0 
0 0 0 0 0 0 0 0 0 0 0 0 0 0 0 1 0 0 0 0 0 0 0 0 0 0 0 0 0 0 0 0 0 0 0 0 0 0 0 0 
0 0 0 0 0 0 0 0 0 0 0 0 0 0 0 1 0 0 0 0 0 0 0 0 0 0 0 0 0 0 0 0 0 0 0 0 0 0 0 0 
0 0 0 0 0 0 0 0 0 0 0 0 0 0 0 1 0 0 0 0 0 0 0 0 0 0 0 0 0 0 0 0 0 0 0 0 0 0 0 0 
0 0 0 0 0 0 0 0 0 0 0 0 0 0 0 1 0 0 0 0 0 0 0 0 0 0 0 0 0 0 0 0 0 0 0 0 0 0 0 0 
0 0 0 0 0 0 0 0 0 0 0 0 0 0 0 1 0 0 0 0 0 0 0 0 0 0 0 0 0 0 0 0 0 0 0 0 0 0 0 0 
0 0 0 0 0 0 0 0 0 0 0 0 0 0 0 1 0 0 0 0 0 0 0 0 0 0 0 0 0 0 0 0 0 0 0 0 0 0 0 0 
0 0 0 0 0 0 0 0 0 0 0 0 0 0 0 1 0 0 0 0 0 0 0 0 0 0 0 0 0 0 0 0 0 0 0 0 0 0 0 0 
0 0 0 0 0 0 0 0 0 0 0 0 0 0 0 1 0 0 0 0 0 0 0 0 0 0 0 0 0 0 0 0 0 0 0 0 0 0 0 0 
0 0 0 0 0 0 0 0 0 0 0 0 0 0 0 1 0 0 0 0 0 0 0 0 0 0 0 0 0 0 0 0 0 0 0 0 0 0 0 0 

0 0 0 0 0 0 0 0 0 0 0 0 0 0 0 0 1 0 0 0 0 0 0 0 0 0 0 0 0 0 0 0 0 0 0 0 0 0 0 0 
0 0 0 0 0 0 0 0 0 0 0 0 0 0 0 0 1 0 0 0 0 0 0 0 0 0 0 0 0 0 0 0 0 0 0 0 0 0 0 0 
0 0 0 0 0 0 0 0 0 0 0 0 0 0 0 0 1 0 0 0 0 0 0 0 0 0 0 0 0 0 0 0 0 0 0 0 0 0 0 0 
0 0 0 0 0 0 0 0 0 0 0 0 0 0 0 0 1 0 0 0 0 0 0 0 0 0 0 0 0 0 0 0 0 0 0 0 0 0 0 0 
0 0 0 0 0 0 0 0 0 0 0 0 0 0 0 0 1 0 0 0 0 0 0 0 0 0 0 0 0 0 0 0 0 0 0 0 0 0 0 0 
0 0 0 0 0 0 0 0 0 0 0 0 0 0 0 0 1 0 0 0 0 0 0 0 0 0 0 0 0 0 0 0 0 0 0 0 0 0 0 0 
0 0 0 0 0 0 0 0 0 0 0 0 0 0 0 0 1 0 0 0 0 0 0 0 0 0 0 0 0 0 0 0 0 0 0 0 0 0 0 0 
0 0 0 0 0 0 0 0 0 0 0 0 0 0 0 0 1 0 0 0 0 0 0 0 0 0 0 0 0 0 0 0 0 0 0 0 0 0 0 0 
0 0 0 0 0 0 0 0 0 0 0 0 0 0 0 0 1 0 0 0 0 0 0 0 0 0 0 0 0 0 0 0 0 0 0 0 0 0 0 0 
0 0 0 0 0 0 0 0 0 0 0 0 0 0 0 0 1 0 0 0 0 0 0 0 0 0 0 0 0 0 0 0 0 0 0 0 0 0 0 0 

0 0 0 0 0 0 0 0 0 0 0 0 0 0 0 0 0 1 0 0 0 0 0 0 0 0 0 0 0 0 0 0 0 0 0 0 0 0 0 0 
0 0 0 0 0 0 0 0 0 0 0 0 0 0 0 0 0 1 0 0 0 0 0 0 0 0 0 0 0 0 0 0 0 0 0 0 0 0 0 0 
0 0 0 0 0 0 0 0 0 0 0 0 0 0 0 0 0 1 0 0 0 0 0 0 0 0 0 0 0 0 0 0 0 0 0 0 0 0 0 0 
0 0 0 0 0 0 0 0 0 0 0 0 0 0 0 0 0 1 0 0 0 0 0 0 0 0 0 0 0 0 0 0 0 0 0 0 0 0 0 0 
0 0 0 0 0 0 0 0 0 0 0 0 0 0 0 0 0 1 0 0 0 0 0 0 0 0 0 0 0 0 0 0 0 0 0 0 0 0 0 0 
0 0 0 0 0 0 0 0 0 0 0 0 0 0 0 0 0 1 0 0 0 0 0 0 0 0 0 0 0 0 0 0 0 0 0 0 0 0 0 0 
0 0 0 0 0 0 0 0 0 0 0 0 0 0 0 0 0 1 0 0 0 0 0 0 0 0 0 0 0 0 0 0 0 0 0 0 0 0 0 0 
0 0 0 0 0 0 0 0 0 0 0 0 0 0 0 0 0 1 0 0 0 0 0 0 0 0 0 0 0 0 0 0 0 0 0 0 0 0 0 0 
0 0 0 0 0 0 0 0 0 0 0 0 0 0 0 0 0 1 0 0 0 0 0 0 0 0 0 0 0 0 0 0 0 0 0 0 0 0 0 0 
0 0 0 0 0 0 0 0 0 0 0 0 0 0 0 0 0 1 0 0 0 0 0 0 0 0 0 0 0 0 0 0 0 0 0 0 0 0 0 0 

0 0 0 0 0 0 0 0 0 0 0 0 0 0 0 0 0 0 1 0 0 0 0 0 0 0 0 0 0 0 0 0 0 0 0 0 0 0 0 0 
0 0 0 0 0 0 0 0 0 0 0 0 0 0 0 0 0 0 1 0 0 0 0 0 0 0 0 0 0 0 0 0 0 0 0 0 0 0 0 0 
0 0 0 0 0 0 0 0 0 0 0 0 0 0 0 0 0 0 1 0 0 0 0 0 0 0 0 0 0 0 0 0 0 0 0 0 0 0 0 0 
0 0 0 0 0 0 0 0 0 0 0 0 0 0 0 0 0 0 1 0 0 0 0 0 0 0 0 0 0 0 0 0 0 0 0 0 0 0 0 0 
0 0 0 0 0 0 0 0 0 0 0 0 0 0 0 0 0 0 1 0 0 0 0 0 0 0 0 0 0 0 0 0 0 0 0 0 0 0 0 0 
0 0 0 0 0 0 0 0 0 0 0 0 0 0 0 0 0 0 1 0 0 0 0 0 0 0 0 0 0 0 0 0 0 0 0 0 0 0 0 0 
0 0 0 0 0 0 0 0 0 0 0 0 0 0 0 0 0 0 1 0 0 0 0 0 0 0 0 0 0 0 0 0 0 0 0 0 0 0 0 0 
0 0 0 0 0 0 0 0 0 0 0 0 0 0 0 0 0 0 1 0 0 0 0 0 0 0 0 0 0 0 0 0 0 0 0 0 0 0 0 0 
0 0 0 0 0 0 0 0 0 0 0 0 0 0 0 0 0 0 1 0 0 0 0 0 0 0 0 0 0 0 0 0 0 0 0 0 0 0 0 0 
0 0 0 0 0 0 0 0 0 0 0 0 0 0 0 0 0 0 1 0 0 0 0 0 0 0 0 0 0 0 0 0 0 0 0 0 0 0 0 0 

0 0 0 0 0 0 0 0 0 0 0 0 0 0 0 0 0 0 0 1 0 0 0 0 0 0 0 0 0 0 0 0 0 0 0 0 0 0 0 0 
0 0 0 0 0 0 0 0 0 0 0 0 0 0 0 0 0 0 0 1 0 0 0 0 0 0 0 0 0 0 0 0 0 0 0 0 0 0 0 0 
0 0 0 0 0 0 0 0 0 0 0 0 0 0 0 0 0 0 0 1 0 0 0 0 0 0 0 0 0 0 0 0 0 0 0 0 0 0 0 0 
0 0 0 0 0 0 0 0 0 0 0 0 0 0 0 0 0 0 0 1 0 0 0 0 0 0 0 0 0 0 0 0 0 0 0 0 0 0 0 0 
0 0 0 0 0 0 0 0 0 0 0 0 0 0 0 0 0 0 0 1 0 0 0 0 0 0 0 0 0 0 0 0 0 0 0 0 0 0 0 0 
0 0 0 0 0 0 0 0 0 0 0 0 0 0 0 0 0 0 0 1 0 0 0 0 0 0 0 0 0 0 0 0 0 0 0 0 0 0 0 0 
0 0 0 0 0 0 0 0 0 0 0 0 0 0 0 0 0 0 0 1 0 0 0 0 0 0 0 0 0 0 0 0 0 0 0 0 0 0 0 0 
0 0 0 0 0 0 0 0 0 0 0 0 0 0 0 0 0 0 0 1 0 0 0 0 0 0 0 0 0 0 0 0 0 0 0 0 0 0 0 0 
0 0 0 0 0 0 0 0 0 0 0 0 0 0 0 0 0 0 0 1 0 0 0 0 0 0 0 0 0 0 0 0 0 0 0 0 0 0 0 0 
0 0 0 0 0 0 0 0 0 0 0 0 0 0 0 0 0 0 0 1 0 0 0 0 0 0 0 0 0 0 0 0 0 0 0 0 0 0 0 0 

0 0 0 0 0 0 0 0 0 0 0 0 0 0 0 0 0 0 0 0 1 0 0 0 0 0 0 0 0 0 0 0 0 0 0 0 0 0 0 0 
0 0 0 0 0 0 0 0 0 0 0 0 0 0 0 0 0 0 0 0 1 0 0 0 0 0 0 0 0 0 0 0 0 0 0 0 0 0 0 0 
0 0 0 0 0 0 0 0 0 0 0 0 0 0 0 0 0 0 0 0 1 0 0 0 0 0 0 0 0 0 0 0 0 0 0 0 0 0 0 0 
0 0 0 0 0 0 0 0 0 0 0 0 0 0 0 0 0 0 0 0 1 0 0 0 0 0 0 0 0 0 0 0 0 0 0 0 0 0 0 0 
0 0 0 0 0 0 0 0 0 0 0 0 0 0 0 0 0 0 0 0 1 0 0 0 0 0 0 0 0 0 0 0 0 0 0 0 0 0 0 0 
0 0 0 0 0 0 0 0 0 0 0 0 0 0 0 0 0 0 0 0 1 0 0 0 0 0 0 0 0 0 0 0 0 0 0 0 0 0 0 0 
0 0 0 0 0 0 0 0 0 0 0 0 0 0 0 0 0 0 0 0 1 0 0 0 0 0 0 0 0 0 0 0 0 0 0 0 0 0 0 0 
0 0 0 0 0 0 0 0 0 0 0 0 0 0 0 0 0 0 0 0 1 0 0 0 0 0 0 0 0 0 0 0 0 0 0 0 0 0 0 0 
0 0 0 0 0 0 0 0 0 0 0 0 0 0 0 0 0 0 0 0 1 0 0 0 0 0 0 0 0 0 0 0 0 0 0 0 0 0 0 0 
0 0 0 0 0 0 0 0 0 0 0 0 0 0 0 0 0 0 0 0 1 0 0 0 0 0 0 0 0 0 0 0 0 0 0 0 0 0 0 0 

0 0 0 0 0 0 0 0 0 0 0 0 0 0 0 0 0 0 0 0 0 1 0 0 0 0 0 0 0 0 0 0 0 0 0 0 0 0 0 0 
0 0 0 0 0 0 0 0 0 0 0 0 0 0 0 0 0 0 0 0 0 1 0 0 0 0 0 0 0 0 0 0 0 0 0 0 0 0 0 0 
0 0 0 0 0 0 0 0 0 0 0 0 0 0 0 0 0 0 0 0 0 1 0 0 0 0 0 0 0 0 0 0 0 0 0 0 0 0 0 0 
0 0 0 0 0 0 0 0 0 0 0 0 0 0 0 0 0 0 0 0 0 1 0 0 0 0 0 0 0 0 0 0 0 0 0 0 0 0 0 0 
0 0 0 0 0 0 0 0 0 0 0 0 0 0 0 0 0 0 0 0 0 1 0 0 0 0 0 0 0 0 0 0 0 0 0 0 0 0 0 0 
0 0 0 0 0 0 0 0 0 0 0 0 0 0 0 0 0 0 0 0 0 1 0 0 0 0 0 0 0 0 0 0 0 0 0 0 0 0 0 0 
0 0 0 0 0 0 0 0 0 0 0 0 0 0 0 0 0 0 0 0 0 1 0 0 0 0 0 0 0 0 0 0 0 0 0 0 0 0 0 0 
0 0 0 0 0 0 0 0 0 0 0 0 0 0 0 0 0 0 0 0 0 1 0 0 0 0 0 0 0 0 0 0 0 0 0 0 0 0 0 0 
0 0 0 0 0 0 0 0 0 0 0 0 0 0 0 0 0 0 0 0 0 1 0 0 0 0 0 0 0 0 0 0 0 0 0 0 0 0 0 0 
0 0 0 0 0 0 0 0 0 0 0 0 0 0 0 0 0 0 0 0 0 1 0 0 0 0 0 0 0 0 0 0 0 0 0 0 0 0 0 0 

0 0 0 0 0 0 0 0 0 0 0 0 0 0 0 0 0 0 0 0 0 0 1 0 0 0 0 0 0 0 0 0 0 0 0 0 0 0 0 0 
0 0 0 0 0 0 0 0 0 0 0 0 0 0 0 0 0 0 0 0 0 0 1 0 0 0 0 0 0 0 0 0 0 0 0 0 0 0 0 0 
0 0 0 0 0 0 0 0 0 0 0 0 0 0 0 0 0 0 0 0 0 0 1 0 0 0 0 0 0 0 0 0 0 0 0 0 0 0 0 0 
0 0 0 0 0 0 0 0 0 0 0 0 0 0 0 0 0 0 0 0 0 0 1 0 0 0 0 0 0 0 0 0 0 0 0 0 0 0 0 0 
0 0 0 0 0 0 0 0 0 0 0 0 0 0 0 0 0 0 0 0 0 0 1 0 0 0 0 0 0 0 0 0 0 0 0 0 0 0 0 0 
0 0 0 0 0 0 0 0 0 0 0 0 0 0 0 0 0 0 0 0 0 0 1 0 0 0 0 0 0 0 0 0 0 0 0 0 0 0 0 0 
0 0 0 0 0 0 0 0 0 0 0 0 0 0 0 0 0 0 0 0 0 0 1 0 0 0 0 0 0 0 0 0 0 0 0 0 0 0 0 0 
0 0 0 0 0 0 0 0 0 0 0 0 0 0 0 0 0 0 0 0 0 0 1 0 0 0 0 0 0 0 0 0 0 0 0 0 0 0 0 0 
0 0 0 0 0 0 0 0 0 0 0 0 0 0 0 0 0 0 0 0 0 0 1 0 0 0 0 0 0 0 0 0 0 0 0 0 0 0 0 0 
0 0 0 0 0 0 0 0 0 0 0 0 0 0 0 0 0 0 0 0 0 0 1 0 0 0 0 0 0 0 0 0 0 0 0 0 0 0 0 0 

0 0 0 0 0 0 0 0 0 0 0 0 0 0 0 0 0 0 0 0 0 0 0 1 0 0 0 0 0 0 0 0 0 0 0 0 0 0 0 0 
0 0 0 0 0 0 0 0 0 0 0 0 0 0 0 0 0 0 0 0 0 0 0 1 0 0 0 0 0 0 0 0 0 0 0 0 0 0 0 0 
0 0 0 0 0 0 0 0 0 0 0 0 0 0 0 0 0 0 0 0 0 0 0 1 0 0 0 0 0 0 0 0 0 0 0 0 0 0 0 0 
0 0 0 0 0 0 0 0 0 0 0 0 0 0 0 0 0 0 0 0 0 0 0 1 0 0 0 0 0 0 0 0 0 0 0 0 0 0 0 0 
0 0 0 0 0 0 0 0 0 0 0 0 0 0 0 0 0 0 0 0 0 0 0 1 0 0 0 0 0 0 0 0 0 0 0 0 0 0 0 0 
0 0 0 0 0 0 0 0 0 0 0 0 0 0 0 0 0 0 0 0 0 0 0 1 0 0 0 0 0 0 0 0 0 0 0 0 0 0 0 0 
0 0 0 0 0 0 0 0 0 0 0 0 0 0 0 0 0 0 0 0 0 0 0 1 0 0 0 0 0 0 0 0 0 0 0 0 0 0 0 0 
0 0 0 0 0 0 0 0 0 0 0 0 0 0 0 0 0 0 0 0 0 0 0 1 0 0 0 0 0 0 0 0 0 0 0 0 0 0 0 0 
0 0 0 0 0 0 0 0 0 0 0 0 0 0 0 0 0 0 0 0 0 0 0 1 0 0 0 0 0 0 0 0 0 0 0 0 0 0 0 0 
0 0 0 0 0 0 0 0 0 0 0 0 0 0 0 0 0 0 0 0 0 0 0 1 0 0 0 0 0 0 0 0 0 0 0 0 0 0 0 0 

0 0 0 0 0 0 0 0 0 0 0 0 0 0 0 0 0 0 0 0 0 0 0 0 1 0 0 0 0 0 0 0 0 0 0 0 0 0 0 0 
0 0 0 0 0 0 0 0 0 0 0 0 0 0 0 0 0 0 0 0 0 0 0 0 1 0 0 0 0 0 0 0 0 0 0 0 0 0 0 0 
0 0 0 0 0 0 0 0 0 0 0 0 0 0 0 0 0 0 0 0 0 0 0 0 1 0 0 0 0 0 0 0 0 0 0 0 0 0 0 0 
0 0 0 0 0 0 0 0 0 0 0 0 0 0 0 0 0 0 0 0 0 0 0 0 1 0 0 0 0 0 0 0 0 0 0 0 0 0 0 0 
0 0 0 0 0 0 0 0 0 0 0 0 0 0 0 0 0 0 0 0 0 0 0 0 1 0 0 0 0 0 0 0 0 0 0 0 0 0 0 0 
0 0 0 0 0 0 0 0 0 0 0 0 0 0 0 0 0 0 0 0 0 0 0 0 1 0 0 0 0 0 0 0 0 0 0 0 0 0 0 0 
0 0 0 0 0 0 0 0 0 0 0 0 0 0 0 0 0 0 0 0 0 0 0 0 1 0 0 0 0 0 0 0 0 0 0 0 0 0 0 0 
0 0 0 0 0 0 0 0 0 0 0 0 0 0 0 0 0 0 0 0 0 0 0 0 1 0 0 0 0 0 0 0 0 0 0 0 0 0 0 0 
0 0 0 0 0 0 0 0 0 0 0 0 0 0 0 0 0 0 0 0 0 0 0 0 1 0 0 0 0 0 0 0 0 0 0 0 0 0 0 0 
0 0 0 0 0 0 0 0 0 0 0 0 0 0 0 0 0 0 0 0 0 0 0 0 1 0 0 0 0 0 0 0 0 0 0 0 0 0 0 0 

0 0 0 0 0 0 0 0 0 0 0 0 0 0 0 0 0 0 0 0 0 0 0 0 0 1 0 0 0 0 0 0 0 0 0 0 0 0 0 0 
0 0 0 0 0 0 0 0 0 0 0 0 0 0 0 0 0 0 0 0 0 0 0 0 0 1 0 0 0 0 0 0 0 0 0 0 0 0 0 0 
0 0 0 0 0 0 0 0 0 0 0 0 0 0 0 0 0 0 0 0 0 0 0 0 0 1 0 0 0 0 0 0 0 0 0 0 0 0 0 0 
0 0 0 0 0 0 0 0 0 0 0 0 0 0 0 0 0 0 0 0 0 0 0 0 0 1 0 0 0 0 0 0 0 0 0 0 0 0 0 0 
0 0 0 0 0 0 0 0 0 0 0 0 0 0 0 0 0 0 0 0 0 0 0 0 0 1 0 0 0 0 0 0 0 0 0 0 0 0 0 0 
0 0 0 0 0 0 0 0 0 0 0 0 0 0 0 0 0 0 0 0 0 0 0 0 0 1 0 0 0 0 0 0 0 0 0 0 0 0 0 0 
0 0 0 0 0 0 0 0 0 0 0 0 0 0 0 0 0 0 0 0 0 0 0 0 0 1 0 0 0 0 0 0 0 0 0 0 0 0 0 0 
0 0 0 0 0 0 0 0 0 0 0 0 0 0 0 0 0 0 0 0 0 0 0 0 0 1 0 0 0 0 0 0 0 0 0 0 0 0 0 0 
0 0 0 0 0 0 0 0 0 0 0 0 0 0 0 0 0 0 0 0 0 0 0 0 0 1 0 0 0 0 0 0 0 0 0 0 0 0 0 0 
0 0 0 0 0 0 0 0 0 0 0 0 0 0 0 0 0 0 0 0 0 0 0 0 0 1 0 0 0 0 0 0 0 0 0 0 0 0 0 0 

0 0 0 0 0 0 0 0 0 0 0 0 0 0 0 0 0 0 0 0 0 0 0 0 0 0 1 0 0 0 0 0 0 0 0 0 0 0 0 0 
0 0 0 0 0 0 0 0 0 0 0 0 0 0 0 0 0 0 0 0 0 0 0 0 0 0 1 0 0 0 0 0 0 0 0 0 0 0 0 0 
0 0 0 0 0 0 0 0 0 0 0 0 0 0 0 0 0 0 0 0 0 0 0 0 0 0 1 0 0 0 0 0 0 0 0 0 0 0 0 0 
0 0 0 0 0 0 0 0 0 0 0 0 0 0 0 0 0 0 0 0 0 0 0 0 0 0 1 0 0 0 0 0 0 0 0 0 0 0 0 0 
0 0 0 0 0 0 0 0 0 0 0 0 0 0 0 0 0 0 0 0 0 0 0 0 0 0 1 0 0 0 0 0 0 0 0 0 0 0 0 0 
0 0 0 0 0 0 0 0 0 0 0 0 0 0 0 0 0 0 0 0 0 0 0 0 0 0 1 0 0 0 0 0 0 0 0 0 0 0 0 0 
0 0 0 0 0 0 0 0 0 0 0 0 0 0 0 0 0 0 0 0 0 0 0 0 0 0 1 0 0 0 0 0 0 0 0 0 0 0 0 0 
0 0 0 0 0 0 0 0 0 0 0 0 0 0 0 0 0 0 0 0 0 0 0 0 0 0 1 0 0 0 0 0 0 0 0 0 0 0 0 0 
0 0 0 0 0 0 0 0 0 0 0 0 0 0 0 0 0 0 0 0 0 0 0 0 0 0 1 0 0 0 0 0 0 0 0 0 0 0 0 0 
0 0 0 0 0 0 0 0 0 0 0 0 0 0 0 0 0 0 0 0 0 0 0 0 0 0 1 0 0 0 0 0 0 0 0 0 0 0 0 0 

0 0 0 0 0 0 0 0 0 0 0 0 0 0 0 0 0 0 0 0 0 0 0 0 0 0 0 1 0 0 0 0 0 0 0 0 0 0 0 0 
0 0 0 0 0 0 0 0 0 0 0 0 0 0 0 0 0 0 0 0 0 0 0 0 0 0 0 1 0 0 0 0 0 0 0 0 0 0 0 0 
0 0 0 0 0 0 0 0 0 0 0 0 0 0 0 0 0 0 0 0 0 0 0 0 0 0 0 1 0 0 0 0 0 0 0 0 0 0 0 0 
0 0 0 0 0 0 0 0 0 0 0 0 0 0 0 0 0 0 0 0 0 0 0 0 0 0 0 1 0 0 0 0 0 0 0 0 0 0 0 0 
0 0 0 0 0 0 0 0 0 0 0 0 0 0 0 0 0 0 0 0 0 0 0 0 0 0 0 1 0 0 0 0 0 0 0 0 0 0 0 0 
0 0 0 0 0 0 0 0 0 0 0 0 0 0 0 0 0 0 0 0 0 0 0 0 0 0 0 1 0 0 0 0 0 0 0 0 0 0 0 0 
0 0 0 0 0 0 0 0 0 0 0 0 0 0 0 0 0 0 0 0 0 0 0 0 0 0 0 1 0 0 0 0 0 0 0 0 0 0 0 0 
0 0 0 0 0 0 0 0 0 0 0 0 0 0 0 0 0 0 0 0 0 0 0 0 0 0 0 1 0 0 0 0 0 0 0 0 0 0 0 0 
0 0 0 0 0 0 0 0 0 0 0 0 0 0 0 0 0 0 0 0 0 0 0 0 0 0 0 1 0 0 0 0 0 0 0 0 0 0 0 0 
0 0 0 0 0 0 0 0 0 0 0 0 0 0 0 0 0 0 0 0 0 0 0 0 0 0 0 1 0 0 0 0 0 0 0 0 0 0 0 0 

0 0 0 0 0 0 0 0 0 0 0 0 0 0 0 0 0 0 0 0 0 0 0 0 0 0 0 0 1 0 0 0 0 0 0 0 0 0 0 0 
0 0 0 0 0 0 0 0 0 0 0 0 0 0 0 0 0 0 0 0 0 0 0 0 0 0 0 0 1 0 0 0 0 0 0 0 0 0 0 0 
0 0 0 0 0 0 0 0 0 0 0 0 0 0 0 0 0 0 0 0 0 0 0 0 0 0 0 0 1 0 0 0 0 0 0 0 0 0 0 0 
0 0 0 0 0 0 0 0 0 0 0 0 0 0 0 0 0 0 0 0 0 0 0 0 0 0 0 0 1 0 0 0 0 0 0 0 0 0 0 0 
0 0 0 0 0 0 0 0 0 0 0 0 0 0 0 0 0 0 0 0 0 0 0 0 0 0 0 0 1 0 0 0 0 0 0 0 0 0 0 0 
0 0 0 0 0 0 0 0 0 0 0 0 0 0 0 0 0 0 0 0 0 0 0 0 0 0 0 0 1 0 0 0 0 0 0 0 0 0 0 0 
0 0 0 0 0 0 0 0 0 0 0 0 0 0 0 0 0 0 0 0 0 0 0 0 0 0 0 0 1 0 0 0 0 0 0 0 0 0 0 0 
0 0 0 0 0 0 0 0 0 0 0 0 0 0 0 0 0 0 0 0 0 0 0 0 0 0 0 0 1 0 0 0 0 0 0 0 0 0 0 0 
0 0 0 0 0 0 0 0 0 0 0 0 0 0 0 0 0 0 0 0 0 0 0 0 0 0 0 0 1 0 0 0 0 0 0 0 0 0 0 0 
0 0 0 0 0 0 0 0 0 0 0 0 0 0 0 0 0 0 0 0 0 0 0 0 0 0 0 0 1 0 0 0 0 0 0 0 0 0 0 0 

0 0 0 0 0 0 0 0 0 0 0 0 0 0 0 0 0 0 0 0 0 0 0 0 0 0 0 0 0 1 0 0 0 0 0 0 0 0 0 0 
0 0 0 0 0 0 0 0 0 0 0 0 0 0 0 0 0 0 0 0 0 0 0 0 0 0 0 0 0 1 0 0 0 0 0 0 0 0 0 0 
0 0 0 0 0 0 0 0 0 0 0 0 0 0 0 0 0 0 0 0 0 0 0 0 0 0 0 0 0 1 0 0 0 0 0 0 0 0 0 0 
0 0 0 0 0 0 0 0 0 0 0 0 0 0 0 0 0 0 0 0 0 0 0 0 0 0 0 0 0 1 0 0 0 0 0 0 0 0 0 0 
0 0 0 0 0 0 0 0 0 0 0 0 0 0 0 0 0 0 0 0 0 0 0 0 0 0 0 0 0 1 0 0 0 0 0 0 0 0 0 0 
0 0 0 0 0 0 0 0 0 0 0 0 0 0 0 0 0 0 0 0 0 0 0 0 0 0 0 0 0 1 0 0 0 0 0 0 0 0 0 0 
0 0 0 0 0 0 0 0 0 0 0 0 0 0 0 0 0 0 0 0 0 0 0 0 0 0 0 0 0 1 0 0 0 0 0 0 0 0 0 0 
0 0 0 0 0 0 0 0 0 0 0 0 0 0 0 0 0 0 0 0 0 0 0 0 0 0 0 0 0 1 0 0 0 0 0 0 0 0 0 0 
0 0 0 0 0 0 0 0 0 0 0 0 0 0 0 0 0 0 0 0 0 0 0 0 0 0 0 0 0 1 0 0 0 0 0 0 0 0 0 0 
0 0 0 0 0 0 0 0 0 0 0 0 0 0 0 0 0 0 0 0 0 0 0 0 0 0 0 0 0 1 0 0 0 0 0 0 0 0 0 0 

0 0 0 0 0 0 0 0 0 0 0 0 0 0 0 0 0 0 0 0 0 0 0 0 0 0 0 0 0 0 1 0 0 0 0 0 0 0 0 0 
0 0 0 0 0 0 0 0 0 0 0 0 0 0 0 0 0 0 0 0 0 0 0 0 0 0 0 0 0 0 1 0 0 0 0 0 0 0 0 0 
0 0 0 0 0 0 0 0 0 0 0 0 0 0 0 0 0 0 0 0 0 0 0 0 0 0 0 0 0 0 1 0 0 0 0 0 0 0 0 0 
0 0 0 0 0 0 0 0 0 0 0 0 0 0 0 0 0 0 0 0 0 0 0 0 0 0 0 0 0 0 1 0 0 0 0 0 0 0 0 0 
0 0 0 0 0 0 0 0 0 0 0 0 0 0 0 0 0 0 0 0 0 0 0 0 0 0 0 0 0 0 1 0 0 0 0 0 0 0 0 0 
0 0 0 0 0 0 0 0 0 0 0 0 0 0 0 0 0 0 0 0 0 0 0 0 0 0 0 0 0 0 1 0 0 0 0 0 0 0 0 0 
0 0 0 0 0 0 0 0 0 0 0 0 0 0 0 0 0 0 0 0 0 0 0 0 0 0 0 0 0 0 1 0 0 0 0 0 0 0 0 0 
0 0 0 0 0 0 0 0 0 0 0 0 0 0 0 0 0 0 0 0 0 0 0 0 0 0 0 0 0 0 1 0 0 0 0 0 0 0 0 0 
0 0 0 0 0 0 0 0 0 0 0 0 0 0 0 0 0 0 0 0 0 0 0 0 0 0 0 0 0 0 1 0 0 0 0 0 0 0 0 0 
0 0 0 0 0 0 0 0 0 0 0 0 0 0 0 0 0 0 0 0 0 0 0 0 0 0 0 0 0 0 1 0 0 0 0 0 0 0 0 0 

0 0 0 0 0 0 0 0 0 0 0 0 0 0 0 0 0 0 0 0 0 0 0 0 0 0 0 0 0 0 0 1 0 0 0 0 0 0 0 0 
0 0 0 0 0 0 0 0 0 0 0 0 0 0 0 0 0 0 0 0 0 0 0 0 0 0 0 0 0 0 0 1 0 0 0 0 0 0 0 0 
0 0 0 0 0 0 0 0 0 0 0 0 0 0 0 0 0 0 0 0 0 0 0 0 0 0 0 0 0 0 0 1 0 0 0 0 0 0 0 0 
0 0 0 0 0 0 0 0 0 0 0 0 0 0 0 0 0 0 0 0 0 0 0 0 0 0 0 0 0 0 0 1 0 0 0 0 0 0 0 0 
0 0 0 0 0 0 0 0 0 0 0 0 0 0 0 0 0 0 0 0 0 0 0 0 0 0 0 0 0 0 0 1 0 0 0 0 0 0 0 0 
0 0 0 0 0 0 0 0 0 0 0 0 0 0 0 0 0 0 0 0 0 0 0 0 0 0 0 0 0 0 0 1 0 0 0 0 0 0 0 0 
0 0 0 0 0 0 0 0 0 0 0 0 0 0 0 0 0 0 0 0 0 0 0 0 0 0 0 0 0 0 0 1 0 0 0 0 0 0 0 0 
0 0 0 0 0 0 0 0 0 0 0 0 0 0 0 0 0 0 0 0 0 0 0 0 0 0 0 0 0 0 0 1 0 0 0 0 0 0 0 0 
0 0 0 0 0 0 0 0 0 0 0 0 0 0 0 0 0 0 0 0 0 0 0 0 0 0 0 0 0 0 0 1 0 0 0 0 0 0 0 0 
0 0 0 0 0 0 0 0 0 0 0 0 0 0 0 0 0 0 0 0 0 0 0 0 0 0 0 0 0 0 0 1 0 0 0 0 0 0 0 0 

0 0 0 0 0 0 0 0 0 0 0 0 0 0 0 0 0 0 0 0 0 0 0 0 0 0 0 0 0 0 0 0 1 0 0 0 0 0 0 0 
0 0 0 0 0 0 0 0 0 0 0 0 0 0 0 0 0 0 0 0 0 0 0 0 0 0 0 0 0 0 0 0 1 0 0 0 0 0 0 0 
0 0 0 0 0 0 0 0 0 0 0 0 0 0 0 0 0 0 0 0 0 0 0 0 0 0 0 0 0 0 0 0 1 0 0 0 0 0 0 0 
0 0 0 0 0 0 0 0 0 0 0 0 0 0 0 0 0 0 0 0 0 0 0 0 0 0 0 0 0 0 0 0 1 0 0 0 0 0 0 0 
0 0 0 0 0 0 0 0 0 0 0 0 0 0 0 0 0 0 0 0 0 0 0 0 0 0 0 0 0 0 0 0 1 0 0 0 0 0 0 0 
0 0 0 0 0 0 0 0 0 0 0 0 0 0 0 0 0 0 0 0 0 0 0 0 0 0 0 0 0 0 0 0 1 0 0 0 0 0 0 0 
0 0 0 0 0 0 0 0 0 0 0 0 0 0 0 0 0 0 0 0 0 0 0 0 0 0 0 0 0 0 0 0 1 0 0 0 0 0 0 0 
0 0 0 0 0 0 0 0 0 0 0 0 0 0 0 0 0 0 0 0 0 0 0 0 0 0 0 0 0 0 0 0 1 0 0 0 0 0 0 0 
0 0 0 0 0 0 0 0 0 0 0 0 0 0 0 0 0 0 0 0 0 0 0 0 0 0 0 0 0 0 0 0 1 0 0 0 0 0 0 0 
0 0 0 0 0 0 0 0 0 0 0 0 0 0 0 0 0 0 0 0 0 0 0 0 0 0 0 0 0 0 0 0 1 0 0 0 0 0 0 0 

0 0 0 0 0 0 0 0 0 0 0 0 0 0 0 0 0 0 0 0 0 0 0 0 0 0 0 0 0 0 0 0 0 1 0 0 0 0 0 0 
0 0 0 0 0 0 0 0 0 0 0 0 0 0 0 0 0 0 0 0 0 0 0 0 0 0 0 0 0 0 0 0 0 1 0 0 0 0 0 0 
0 0 0 0 0 0 0 0 0 0 0 0 0 0 0 0 0 0 0 0 0 0 0 0 0 0 0 0 0 0 0 0 0 1 0 0 0 0 0 0 
0 0 0 0 0 0 0 0 0 0 0 0 0 0 0 0 0 0 0 0 0 0 0 0 0 0 0 0 0 0 0 0 0 1 0 0 0 0 0 0 
0 0 0 0 0 0 0 0 0 0 0 0 0 0 0 0 0 0 0 0 0 0 0 0 0 0 0 0 0 0 0 0 0 1 0 0 0 0 0 0 
0 0 0 0 0 0 0 0 0 0 0 0 0 0 0 0 0 0 0 0 0 0 0 0 0 0 0 0 0 0 0 0 0 1 0 0 0 0 0 0 
0 0 0 0 0 0 0 0 0 0 0 0 0 0 0 0 0 0 0 0 0 0 0 0 0 0 0 0 0 0 0 0 0 1 0 0 0 0 0 0 
0 0 0 0 0 0 0 0 0 0 0 0 0 0 0 0 0 0 0 0 0 0 0 0 0 0 0 0 0 0 0 0 0 1 0 0 0 0 0 0 
0 0 0 0 0 0 0 0 0 0 0 0 0 0 0 0 0 0 0 0 0 0 0 0 0 0 0 0 0 0 0 0 0 1 0 0 0 0 0 0 
0 0 0 0 0 0 0 0 0 0 0 0 0 0 0 0 0 0 0 0 0 0 0 0 0 0 0 0 0 0 0 0 0 1 0 0 0 0 0 0 

0 0 0 0 0 0 0 0 0 0 0 0 0 0 0 0 0 0 0 0 0 0 0 0 0 0 0 0 0 0 0 0 0 0 1 0 0 0 0 0 
0 0 0 0 0 0 0 0 0 0 0 0 0 0 0 0 0 0 0 0 0 0 0 0 0 0 0 0 0 0 0 0 0 0 1 0 0 0 0 0 
0 0 0 0 0 0 0 0 0 0 0 0 0 0 0 0 0 0 0 0 0 0 0 0 0 0 0 0 0 0 0 0 0 0 1 0 0 0 0 0 
0 0 0 0 0 0 0 0 0 0 0 0 0 0 0 0 0 0 0 0 0 0 0 0 0 0 0 0 0 0 0 0 0 0 1 0 0 0 0 0 
0 0 0 0 0 0 0 0 0 0 0 0 0 0 0 0 0 0 0 0 0 0 0 0 0 0 0 0 0 0 0 0 0 0 1 0 0 0 0 0 
0 0 0 0 0 0 0 0 0 0 0 0 0 0 0 0 0 0 0 0 0 0 0 0 0 0 0 0 0 0 0 0 0 0 1 0 0 0 0 0 
0 0 0 0 0 0 0 0 0 0 0 0 0 0 0 0 0 0 0 0 0 0 0 0 0 0 0 0 0 0 0 0 0 0 1 0 0 0 0 0 
0 0 0 0 0 0 0 0 0 0 0 0 0 0 0 0 0 0 0 0 0 0 0 0 0 0 0 0 0 0 0 0 0 0 1 0 0 0 0 0 
0 0 0 0 0 0 0 0 0 0 0 0 0 0 0 0 0 0 0 0 0 0 0 0 0 0 0 0 0 0 0 0 0 0 1 0 0 0 0 0 
0 0 0 0 0 0 0 0 0 0 0 0 0 0 0 0 0 0 0 0 0 0 0 0 0 0 0 0 0 0 0 0 0 0 1 0 0 0 0 0 

0 0 0 0 0 0 0 0 0 0 0 0 0 0 0 0 0 0 0 0 0 0 0 0 0 0 0 0 0 0 0 0 0 0 0 1 0 0 0 0 
0 0 0 0 0 0 0 0 0 0 0 0 0 0 0 0 0 0 0 0 0 0 0 0 0 0 0 0 0 0 0 0 0 0 0 1 0 0 0 0 
0 0 0 0 0 0 0 0 0 0 0 0 0 0 0 0 0 0 0 0 0 0 0 0 0 0 0 0 0 0 0 0 0 0 0 1 0 0 0 0 
0 0 0 0 0 0 0 0 0 0 0 0 0 0 0 0 0 0 0 0 0 0 0 0 0 0 0 0 0 0 0 0 0 0 0 1 0 0 0 0 
0 0 0 0 0 0 0 0 0 0 0 0 0 0 0 0 0 0 0 0 0 0 0 0 0 0 0 0 0 0 0 0 0 0 0 1 0 0 0 0 
0 0 0 0 0 0 0 0 0 0 0 0 0 0 0 0 0 0 0 0 0 0 0 0 0 0 0 0 0 0 0 0 0 0 0 1 0 0 0 0 
0 0 0 0 0 0 0 0 0 0 0 0 0 0 0 0 0 0 0 0 0 0 0 0 0 0 0 0 0 0 0 0 0 0 0 1 0 0 0 0 
0 0 0 0 0 0 0 0 0 0 0 0 0 0 0 0 0 0 0 0 0 0 0 0 0 0 0 0 0 0 0 0 0 0 0 1 0 0 0 0 
0 0 0 0 0 0 0 0 0 0 0 0 0 0 0 0 0 0 0 0 0 0 0 0 0 0 0 0 0 0 0 0 0 0 0 1 0 0 0 0 
0 0 0 0 0 0 0 0 0 0 0 0 0 0 0 0 0 0 0 0 0 0 0 0 0 0 0 0 0 0 0 0 0 0 0 1 0 0 0 0 

0 0 0 0 0 0 0 0 0 0 0 0 0 0 0 0 0 0 0 0 0 0 0 0 0 0 0 0 0 0 0 0 0 0 0 0 1 0 0 0 
0 0 0 0 0 0 0 0 0 0 0 0 0 0 0 0 0 0 0 0 0 0 0 0 0 0 0 0 0 0 0 0 0 0 0 0 1 0 0 0 
0 0 0 0 0 0 0 0 0 0 0 0 0 0 0 0 0 0 0 0 0 0 0 0 0 0 0 0 0 0 0 0 0 0 0 0 1 0 0 0 
0 0 0 0 0 0 0 0 0 0 0 0 0 0 0 0 0 0 0 0 0 0 0 0 0 0 0 0 0 0 0 0 0 0 0 0 1 0 0 0 
0 0 0 0 0 0 0 0 0 0 0 0 0 0 0 0 0 0 0 0 0 0 0 0 0 0 0 0 0 0 0 0 0 0 0 0 1 0 0 0 
0 0 0 0 0 0 0 0 0 0 0 0 0 0 0 0 0 0 0 0 0 0 0 0 0 0 0 0 0 0 0 0 0 0 0 0 1 0 0 0 
0 0 0 0 0 0 0 0 0 0 0 0 0 0 0 0 0 0 0 0 0 0 0 0 0 0 0 0 0 0 0 0 0 0 0 0 1 0 0 0 
0 0 0 0 0 0 0 0 0 0 0 0 0 0 0 0 0 0 0 0 0 0 0 0 0 0 0 0 0 0 0 0 0 0 0 0 1 0 0 0 
0 0 0 0 0 0 0 0 0 0 0 0 0 0 0 0 0 0 0 0 0 0 0 0 0 0 0 0 0 0 0 0 0 0 0 0 1 0 0 0 
0 0 0 0 0 0 0 0 0 0 0 0 0 0 0 0 0 0 0 0 0 0 0 0 0 0 0 0 0 0 0 0 0 0 0 0 1 0 0 0 

0 0 0 0 0 0 0 0 0 0 0 0 0 0 0 0 0 0 0 0 0 0 0 0 0 0 0 0 0 0 0 0 0 0 0 0 0 1 0 0 
0 0 0 0 0 0 0 0 0 0 0 0 0 0 0 0 0 0 0 0 0 0 0 0 0 0 0 0 0 0 0 0 0 0 0 0 0 1 0 0 
0 0 0 0 0 0 0 0 0 0 0 0 0 0 0 0 0 0 0 0 0 0 0 0 0 0 0 0 0 0 0 0 0 0 0 0 0 1 0 0 
0 0 0 0 0 0 0 0 0 0 0 0 0 0 0 0 0 0 0 0 0 0 0 0 0 0 0 0 0 0 0 0 0 0 0 0 0 1 0 0 
0 0 0 0 0 0 0 0 0 0 0 0 0 0 0 0 0 0 0 0 0 0 0 0 0 0 0 0 0 0 0 0 0 0 0 0 0 1 0 0 
0 0 0 0 0 0 0 0 0 0 0 0 0 0 0 0 0 0 0 0 0 0 0 0 0 0 0 0 0 0 0 0 0 0 0 0 0 1 0 0 
0 0 0 0 0 0 0 0 0 0 0 0 0 0 0 0 0 0 0 0 0 0 0 0 0 0 0 0 0 0 0 0 0 0 0 0 0 1 0 0 
0 0 0 0 0 0 0 0 0 0 0 0 0 0 0 0 0 0 0 0 0 0 0 0 0 0 0 0 0 0 0 0 0 0 0 0 0 1 0 0 
0 0 0 0 0 0 0 0 0 0 0 0 0 0 0 0 0 0 0 0 0 0 0 0 0 0 0 0 0 0 0 0 0 0 0 0 0 1 0 0 
0 0 0 0 0 0 0 0 0 0 0 0 0 0 0 0 0 0 0 0 0 0 0 0 0 0 0 0 0 0 0 0 0 0 0 0 0 1 0 0 

0 0 0 0 0 0 0 0 0 0 0 0 0 0 0 0 0 0 0 0 0 0 0 0 0 0 0 0 0 0 0 0 0 0 0 0 0 0 1 0 
0 0 0 0 0 0 0 0 0 0 0 0 0 0 0 0 0 0 0 0 0 0 0 0 0 0 0 0 0 0 0 0 0 0 0 0 0 0 1 0 
0 0 0 0 0 0 0 0 0 0 0 0 0 0 0 0 0 0 0 0 0 0 0 0 0 0 0 0 0 0 0 0 0 0 0 0 0 0 1 0 
0 0 0 0 0 0 0 0 0 0 0 0 0 0 0 0 0 0 0 0 0 0 0 0 0 0 0 0 0 0 0 0 0 0 0 0 0 0 1 0 
0 0 0 0 0 0 0 0 0 0 0 0 0 0 0 0 0 0 0 0 0 0 0 0 0 0 0 0 0 0 0 0 0 0 0 0 0 0 1 0 
0 0 0 0 0 0 0 0 0 0 0 0 0 0 0 0 0 0 0 0 0 0 0 0 0 0 0 0 0 0 0 0 0 0 0 0 0 0 1 0 
0 0 0 0 0 0 0 0 0 0 0 0 0 0 0 0 0 0 0 0 0 0 0 0 0 0 0 0 0 0 0 0 0 0 0 0 0 0 1 0 
0 0 0 0 0 0 0 0 0 0 0 0 0 0 0 0 0 0 0 0 0 0 0 0 0 0 0 0 0 0 0 0 0 0 0 0 0 0 1 0 
0 0 0 0 0 0 0 0 0 0 0 0 0 0 0 0 0 0 0 0 0 0 0 0 0 0 0 0 0 0 0 0 0 0 0 0 0 0 1 0 
0 0 0 0 0 0 0 0 0 0 0 0 0 0 0 0 0 0 0 0 0 0 0 0 0 0 0 0 0 0 0 0 0 0 0 0 0 0 1 0 

0 0 0 0 0 0 0 0 0 0 0 0 0 0 0 0 0 0 0 0 0 0 0 0 0 0 0 0 0 0 0 0 0 0 0 0 0 0 0 1 
0 0 0 0 0 0 0 0 0 0 0 0 0 0 0 0 0 0 0 0 0 0 0 0 0 0 0 0 0 0 0 0 0 0 0 0 0 0 0 1 
0 0 0 0 0 0 0 0 0 0 0 0 0 0 0 0 0 0 0 0 0 0 0 0 0 0 0 0 0 0 0 0 0 0 0 0 0 0 0 1 
0 0 0 0 0 0 0 0 0 0 0 0 0 0 0 0 0 0 0 0 0 0 0 0 0 0 0 0 0 0 0 0 0 0 0 0 0 0 0 1 
0 0 0 0 0 0 0 0 0 0 0 0 0 0 0 0 0 0 0 0 0 0 0 0 0 0 0 0 0 0 0 0 0 0 0 0 0 0 0 1 
0 0 0 0 0 0 0 0 0 0 0 0 0 0 0 0 0 0 0 0 0 0 0 0 0 0 0 0 0 0 0 0 0 0 0 0 0 0 0 1 
0 0 0 0 0 0 0 0 0 0 0 0 0 0 0 0 0 0 0 0 0 0 0 0 0 0 0 0 0 0 0 0 0 0 0 0 0 0 0 1 
0 0 0 0 0 0 0 0 0 0 0 0 0 0 0 0 0 0 0 0 0 0 0 0 0 0 0 0 0 0 0 0 0 0 0 0 0 0 0 1 
0 0 0 0 0 0 0 0 0 0 0 0 0 0 0 0 0 0 0 0 0 0 0 0 0 0 0 0 0 0 0 0 0 0 0 0 0 0 0 1 
0 0 0 0 0 0 0 0 0 0 0 0 0 0 0 0 0 0 0 0 0 0 0 0 0 0 0 0 0 0 0 0 0 0 0 0 0 0 0 1 

