50 18 5 5 0.0021837 0.07426 10000000

-0.240682 -0.794453 0.591928 1.68688 -0.295131 -0.0562347 -0.893141 -1.05965 -0.0405978 -0.83155 -0.833004 -0.833004 -0.166532 0.459619 0.322018 -0.4329 -0.416027 -0.551206 
-0.125683 -0.937485 0.591928 1.15927 -0.224804 -0.0578224 -0.692494 -0.759607 -0.250005 -0.714004 -0.705865 -0.705864 -0.420344 -0.217592 -0.150151 0.0311935 0.00409194 0.0712295 
-0.830366 -0.229315 -1.87871 0.790435 -1.59104 -1.84173 -1.0447 -1.28199 1.05807 -0.897373 -0.87184 -0.87184 0.158094 1.49535 1.0004 0.858836 0.447616 1.62742 
-0.635457 -0.58964 -1.78664 0.936199 -1.49319 -1.69027 -1.06832 -1.3414 2.86207 -0.933481 -0.924797 -0.924796 -0.0651037 0.89583 0.633622 -0.352949 -0.376329 -0.405577 
-0.736749 -0.204569 -1.08474 0.681054 -1.12506 -1.00353 -0.8614 -0.895929 -0.161425 -0.860542 -0.776894 -0.776894 0.388381 0.606755 0.216081 0.54517 0.15801 -0.224026 
-0.546838 -0.700374 -1.21858 1.86208 -1.29474 -1.37982 -0.912209 -1.04311 -0.00858569 -0.727808 -0.717814 -0.717814 -0.047492 -0.40481 -0.428006 -0.651798 -0.601314 -0.809848 
-0.91772 0.122692 -1.47167 0.577556 -1.31543 -1.2733 -0.865991 -0.848517 -0.181464 -0.455276 -0.568348 -0.568347 0.135008 -0.479099 -0.537767 0.0526571 -0.12388 0.220649 
-0.326398 -0.801068 0.018714 -0.336687 -0.694695 -0.563865 -0.807698 -0.898818 -0.171471 -0.48461 -0.529939 -0.529939 -0.411186 0.477207 0.446845 0.370908 0.27007 -0.520706 
-0.845848 -0.182604 -1.85491 1.06077 -1.5546 -1.76956 -1.07774 -1.3564 4.33768 -0.933383 -0.936656 -0.936656 -0.0962028 -1.23938 -1.09531 -1.16083 -0.973751 -0.655274 
-0.994824 0.185491 -1.91131 0.734984 -1.59008 -1.82243 -1.06367 -1.31743 1.7966 -0.913461 -0.911466 -0.911466 -0.173547 -0.0815098 -0.12292 -0.70972 -0.624324 -0.779054 
-1.24284 1.02011 -2.03382 0.114045 -1.60577 -1.82757 -1.06529 -1.30723 1.52041 -0.880978 -0.896696 -0.896696 -1.04096 -0.494408 -0.167097 -0.204205 -0.00693652 -0.39789 
-1.11814 1.53855 0.018714 -0.990743 -0.53298 0.662712 -0.836986 -0.687264 -0.28422 -0.784958 -0.76415 -0.764151 -0.889327 -0.806231 -0.522038 -0.30879 -0.1445 -0.177758 
-0.735216 0.964688 0.901478 -0.47378 0.225697 1.44726 -0.116055 0.696226 -0.422436 -0.721603 -0.496099 -0.496099 -1.50341 0.385886 0.991988 0.146629 0.503442 0.88356 
-1.16035 2.16984 0.018714 -0.815664 -0.438356 0.977759 -0.410947 0.545544 -0.413984 -0.213833 -0.121595 -0.121595 -1.23101 0.633146 1.06027 0.235201 0.465279 0.853941 
-0.278342 1.2274 0.901478 -0.562141 0.899014 1.68933 0.420089 1.16249 -0.44463 0.0585016 -0.162778 -0.162779 -1.33359 0.721511 1.22437 0.799895 1.04855 0.0930807 
-1.42717 2.19154 -1.69277 -0.644879 -1.3731 -1.09027 -0.929433 -0.805971 -0.206547 -0.504408 -0.590963 -0.590963 -1.82541 -0.781525 -0.122691 -0.505136 -0.0293863 -0.0770006 
-0.0291642 0.975814 0.901478 -1.09628 0.838641 1.23288 0.924892 1.66429 -0.452046 0.238633 0.529679 0.529678 -1.74999 0.859458 1.72174 1.85763 2.42114 1.40613 
-0.218451 1.41152 0.901478 -0.667569 0.929017 1.63242 0.63489 1.44684 -0.450058 0.201958 -0.0304374 -0.0304373 -1.84013 -0.44138 0.283309 1.78639 2.43386 -0.300923 
-1.50451 2.4583 -2.04021 -0.982179 -1.55651 -1.61952 -1.03462 -1.16536 0.253864 -0.748432 -0.752619 -0.75262 -1.79505 1.29208 2.26581 2.34182 2.97871 3.29531 
1.72088 0.347392 0.901478 -0.990743 1.89946 0.671846 1.22993 0.651284 -0.452116 1.21801 0.696706 0.696708 -1.60172 1.55623 2.35862 0.7583 1.16995 2.72116 
-0.978277 1.01197 0.591928 -1.12674 -0.36161 0.772959 -0.602542 -0.170507 -0.366719 -0.587105 -0.666085 -0.666085 1.24454 -1.41699 -1.4055 -1.28388 -1.15549 -0.860084 
0.0249562 0.160724 0.333986 0.114045 0.618058 0.884868 1.16452 1.95249 -0.450008 0.742371 1.15475 1.15475 1.18368 -0.915338 -1.06426 -0.949212 -0.947584 -0.392416 
0.206143 0.0322894 0.591928 0.00192646 0.76122 0.856471 0.778623 1.192 -0.442711 0.380731 0.202572 0.202572 1.22013 -1.17384 -1.24147 -1.10965 -1.04821 -0.582009 
-1.21808 0.914969 -2.03704 0.173122 -1.62023 -1.86744 -1.07767 -1.34571 3.21987 -0.908677 -0.926901 -0.926901 1.33775 -1.6297 -1.55375 -1.35535 -1.20323 -1.14575 
0.00263923 0.197075 0.591928 -0.136181 0.640262 0.939209 0.120603 0.422631 -0.424948 0.0598463 -0.128491 -0.128489 1.08364 -1.49716 -1.44339 -1.27064 -1.13834 -0.984721 
-0.714276 0.884427 0.591928 -0.200836 0.14366 1.25869 -0.592185 -0.33402 -0.3661 -0.833323 -0.78211 -0.78211 1.16673 1.24816 0.387032 -0.644639 -0.759528 -0.859117 
-0.70032 0.386135 -0.0713651 0.455726 -0.287364 0.46602 -0.68907 -0.545338 -0.322435 -0.799129 -0.778434 -0.778433 1.2655 -1.58401 -1.51788 -1.19117 -1.1006 -1.24796 
-1.13344 0.900118 -1.47167 0.114045 -1.23946 -0.975852 -0.958567 -1.01731 -0.0577321 -0.864189 -0.828504 -0.828503 0.762906 -1.93326 -1.72073 -1.40104 -1.20361 -1.12664 
-0.701004 1.29271 0.591928 -1.04076 0.238112 1.40211 -0.375873 0.111143 -0.406621 -0.345882 -0.319827 -0.319828 1.28101 -0.485162 -0.795147 -0.885348 -0.917177 -0.224609 
0.715145 -0.273594 0.591928 -0.795588 1.05915 0.691532 1.36997 1.46196 -0.449217 0.749862 0.862039 0.862035 1.37131 -1.63978 -1.5629 -1.39462 -1.22818 -1.11244 
-0.223615 -0.742698 0.591928 -0.598246 -0.274283 -0.0419148 -0.67387 -0.7012 -0.273794 -0.293166 -0.380079 -0.380081 -0.657441 0.110265 0.236269 1.43787 1.23954 1.11704 
0.653635 -1.33121 0.591928 1.90787 0.35838 0.0415007 -0.617788 -0.829791 -0.256344 -0.791753 -0.781591 -0.78159 -0.551903 0.326267 0.381017 -0.495994 -0.385394 -0.604575 
0.298062 -1.27477 0.739337 1.64497 -0.0315742 -0.137208 -0.49206 -0.589502 -0.306891 -0.580476 -0.645951 -0.645952 -0.935645 -0.379275 -0.0987475 -0.544237 -0.337355 -0.527321 
-0.10827 -0.766836 0.333986 1.37068 -0.160794 0.0129087 -0.562094 -0.560182 -0.315896 -0.769508 -0.72356 -0.72356 -0.302728 1.82163 1.53564 1.64924 1.22553 1.13393 
0.177112 -0.711049 0.901478 -0.775167 0.27527 0.311941 0.147322 0.33958 -0.410826 -0.131229 -0.235215 -0.235217 -0.293937 -0.518069 -0.448987 -0.0840635 -0.12026 -0.024929 
0.283204 -1.15249 0.220488 1.90787 0.0536681 -0.0300003 -0.0791312 -0.0312791 -0.381855 -0.788708 -0.518971 -0.518971 -0.280875 0.67932 0.55744 1.19243 0.861969 1.71271 
0.233182 -1.05818 0.333986 1.48432 0.0126066 -0.0410603 -0.195257 -0.164606 -0.372876 -0.0449816 -0.343229 -0.343229 -0.356678 0.262345 0.237628 1.19116 0.894138 0.936179 
0.35868 -1.3938 0.018714 2.47257 -0.282003 -0.454923 -0.486361 -0.599346 -0.300355 -0.669495 -0.572576 -0.572575 -0.973246 0.384615 0.652912 1.17701 1.18965 -0.34857 
0.104045 -0.623749 0.739337 -0.982179 0.374166 0.498436 -0.470119 -0.497173 -0.346201 -0.468723 -0.30029 -0.300288 -0.493814 0.490492 0.498031 0.536446 0.430914 -0.00394898 
0.132937 -0.685735 0.220488 -0.351012 0.189393 0.247806 0.552325 0.943958 -0.428193 -0.164233 0.49189 0.491889 -0.0977879 1.63468 1.25282 2.10312 1.46621 -0.797646 
0.362882 -0.234605 0.591928 -1.06491 0.535363 0.447704 0.876492 1.17575 -0.441983 1.13803 1.25613 1.25614 0.513761 0.606896 0.170255 -0.223725 -0.394967 -0.0718307 
1.06294 0.235592 0.591928 -0.990743 1.39692 0.725293 1.80636 1.63522 -0.457003 2.50622 1.67733 1.67733 1.5126 -0.386177 -0.773476 -0.96845 -0.985319 -0.37408 
1.22128 -0.237619 0.901478 -0.689853 1.36724 0.582886 1.88023 1.57858 -0.454699 0.946662 1.11832 1.11832 0.441802 0.00697723 -0.251637 -0.812755 -0.78438 -0.70964 
1.83257 -0.490551 0.591928 -0.920295 1.59808 0.383115 1.38355 0.729602 -0.447449 1.75975 1.429 1.429 0.457902 2.30403 1.4547 0.506869 0.113169 -0.820945 
0.719226 -0.0756699 0.591928 -1.04887 0.958494 0.589152 0.384026 0.317623 -0.431499 1.28704 0.627101 0.627099 1.21962 -0.696569 -0.924196 -0.360004 -0.592271 -0.532986 
1.16265 -0.884616 0.591928 -0.406945 1.07919 0.376313 0.203228 -0.0754716 -0.409992 1.51944 1.23236 1.23235 1.38052 -0.0226628 -0.512757 -0.136445 -0.480453 0.945587 
2.16861 -0.943786 0.591928 -0.598246 1.54065 0.171477 2.43354 1.40916 -0.453571 1.43785 2.88907 2.88907 0.567946 -0.0552875 -0.333845 1.08711 0.473529 1.28743 
2.66166 -1.28754 0.591928 -0.990743 1.14848 -0.276372 1.72162 0.628376 -0.442635 2.68472 1.71084 1.71085 0.789191 0.983347 0.34189 -0.275675 -0.476157 -0.175992 
2.23318 -1.67186 0.591928 -0.447436 0.77311 -0.368958 1.96069 1.00027 -0.439619 1.9582 2.82284 2.82284 1.00259 0.394642 -0.138281 0.0842512 -0.283487 1.17017 
1.35641 -0.349467 0.591928 -0.524996 1.0295 0.215052 1.56038 1.16508 -0.450799 1.75844 1.82315 1.82315 0.650471 -1.35753 -1.29776 -1.0369 -0.956922 -1.04805 

1 0 0 0 0 
1 0 0 0 0 
1 0 0 0 0 
1 0 0 0 0 
1 0 0 0 0 
1 0 0 0 0 
1 0 0 0 0 
1 0 0 0 0 
1 0 0 0 0 
1 0 0 0 0 
0 1 0 0 0 
0 1 0 0 0 
0 1 0 0 0 
0 1 0 0 0 
0 1 0 0 0 
0 1 0 0 0 
0 1 0 0 0 
0 1 0 0 0 
0 1 0 0 0 
0 1 0 0 0 
0 0 1 0 0 
0 0 1 0 0 
0 0 1 0 0 
0 0 1 0 0 
0 0 1 0 0 
0 0 1 0 0 
0 0 1 0 0 
0 0 1 0 0 
0 0 1 0 0 
0 0 1 0 0 
0 0 0 1 0 
0 0 0 1 0 
0 0 0 1 0 
0 0 0 1 0 
0 0 0 1 0 
0 0 0 1 0 
0 0 0 1 0 
0 0 0 1 0 
0 0 0 1 0 
0 0 0 1 0 
0 0 0 0 1 
0 0 0 0 1 
0 0 0 0 1 
0 0 0 0 1 
0 0 0 0 1 
0 0 0 0 1 
0 0 0 0 1 
0 0 0 0 1 
0 0 0 0 1 
0 0 0 0 1 

0.399713 0.851785 -0.546873 -0.749929 -0.507362 
-2.08284 4.62666 1.39505 1.37568 0.869157 
-0.180575 2.22699 1.79965 5.14965 -6.15218 
-0.0517988 1.38484 -0.517266 -1.50083 -0.543528 
-0.306477 -0.101554 0.830272 -1.84742 1.96065 
-1.08629 3.93208 0.726407 2.03839 -0.624559 
-1.1506 1.03215 0.993989 -0.947 0.159332 
-2.17555 2.3866 0.840252 0.398766 -0.674256 
0.738411 -1.42037 0.271547 -2.27617 0.0376635 
0.0271432 -1.97183 -0.0978002 0.880808 -0.227433 
-0.0141114 3.20196 -0.536643 3.89933 -1.31376 
-1.53622 -0.228141 1.38822 0.92047 -1.87721 
-0.170415 1.31629 1.3139 2.47355 -0.511036 
-2.07111 -6.75882 3.49274 -3.67279 -0.329028 
1.03018 -0.125168 0.157083 0.75576 1.74118 
0.741267 3.34575 -1.5863 0.557647 -0.798339 
1.12454 0.989111 -0.46369 -0.507371 1.55613 
1.38113 0.830848 -1.30952 -0.365596 0.209348 
2.19744 0.874964 -0.960222 1.367 -0.073543 

-2.90325 -2.60901 1.86721 -8.10308 -9.92758 
2.72288 4.4935 -4.24559 -3.48568 -12.4154 
-14.9946 -0.490465 -8.66483 14.322 6.41697 
-5.91142 -10.7263 6.25937 -4.99202 2.53725 
-6.56577 6.25805 -7.58831 -10.8643 8.45543 
7.79293 -10.3164 -6.59414 4.3018 0.00277879 

283.097 0.00569349 810.608 125.208 213.149 70.7296 162.475 0.488236 8.11724 0.211413 0.577775 0.192592 39.8421 2.64096 7.01532 0.386311 1.05887 0.0459271 
115.428 0.00146324 323.793 39.4403 127.589 35.4611 148.658 0.350964 16.9211 0.220123 0.604456 0.201485 6.81369 1.06208 3.31867 0.201272 0.687313 0.0332888 
