50 7 5 5 0.0021837 0.07426 10000000

  -1.27866  -0.466977  -0.434777  -0.293294  0.0285264  -0.721316  -0.758099
  -1.12069  -0.410397  -0.723966  -0.375663   -0.39989  -0.591163  -0.255462
  -2.86638    2.00171   -1.09908   -1.49666    1.60922   0.848971   0.545866
  -2.54945  0.0828398   -1.16606   -1.37945    0.29973   0.546996  -0.502628
  -2.38375   0.437173   -1.10663   -1.59795   0.228301  -0.584308  -0.982603
  -2.44045    -1.4588   -1.50735    -1.5765   -1.12773   -1.18214   -2.03531
  -2.47416  -0.549124   -1.42757   -1.58105  -0.882565  -0.717635   -1.20792
  -1.73974   0.157718   -1.34627   -1.39985   -0.25261   -1.08113  -0.772507
  -2.45695    -2.0401   -1.36117  -0.920181   -1.85047   0.846916  -0.689317
   -3.0279   -1.14164   -1.55632   -1.77706   -1.03903  -0.526436   -1.65253
  -3.30441  -0.998045   -1.59399   -1.78456   -1.37435  -0.924907   -1.42015
  -1.88243   -1.20546  -0.550592  -0.626882   -1.62157    -1.4002  -0.942207
  -0.10383   0.634708   0.701445   0.700957   0.608596  -0.130045    0.89449
 -0.470293    0.90003   0.977111   0.612259   0.794624  -0.260988   0.517232
   1.16024    1.27646    1.55139    1.26473    1.28592  0.0420764    1.12937
   -2.9833    -1.4348   -1.21871   -1.50391   -1.86128   -1.96825   -1.83052
   1.87429    2.99274    1.67115    1.60566    2.36772    0.93358    2.71012
   1.36237    1.17659    1.47057    1.34056   0.551637  -0.252547      1.336
  -3.24253     4.1797   -0.39086  -0.976949    2.42073   0.603169    2.07557
   2.88526    3.08477    1.89867    2.05637     2.8555    1.63214    3.40852
  -1.18103   -2.14389  -0.614169  -0.652984   -2.25915  -0.840119   -1.63428
   2.51613   -1.18343    1.12397    1.29668  -0.420574   0.779895  -0.149231
   1.51383   -1.62628   0.525259   0.653413   -1.10234   0.349634   -0.55949
  -2.86237   -2.31711   -1.46944   -1.51226   -2.39771   0.396766   -1.76133
  0.577156   -2.19271  0.0721729   0.204935   -1.84492  -0.358538   -1.13535
 -0.694808  0.0626666    0.62889 -0.0590857   0.617959  -0.302827  -0.786553
  -1.39667   -2.39822  -0.685906   -0.77837   -2.20892  -0.941127   -2.00292
  -2.92429   -2.98062   -1.77517   -1.97317   -3.09274   -1.53034   -2.90824
 -0.141823  -0.924012   0.474892   0.234814  -0.830225 -0.0772475  -0.532322
   2.36089   -2.20425   0.329933   0.574566   -1.74415   0.224716  -0.846921
  -1.03269    1.38706  -0.865239  -0.516847   0.349866   -0.14171    1.12039
 -0.645877  -0.674583  -0.342127  -0.231071 -0.0669803  -0.763404  -0.626339
 -0.745205   -1.24275  -0.725197  -0.280643  -0.833107   -1.03541  -0.799236
 -0.818585    2.75414   0.272429  0.0402196    2.58981   0.568967    1.43576
 0.0751346  -0.633997  -0.656415  -0.339141  -0.890466  -0.396257 -0.0639443
 -0.208632    1.75737    0.20671   0.333815     1.7342   0.979509    1.60673
-0.0629632    1.23066  0.0431121   0.287776    1.04693   0.397958     1.0811
 -0.836867    0.80527   -0.29004  -0.273657   0.864906  -0.556654  0.0434793
 -0.507796   0.580696   -0.56397  -0.527777    0.10809  -0.572223    0.29989
  0.875961    2.40255   0.501604 -0.0756808     2.1524    0.13403   0.751142
   2.20115   0.371225   0.748131   0.844358   0.678547   0.491246   0.448123
    4.0343  -0.576745    1.63144    1.85171  0.0375899     1.0982   0.356791
   3.18051  -0.691235    1.12234    1.21171  0.0274212   0.510992   0.116497
   3.43492     1.8953     1.7179    1.23542    2.43353    0.62467   0.933857
   1.67577  -0.691222   0.390311   0.521169  -0.761077   0.134967  -0.106684
   2.24818   0.507018   0.668148    1.12533   0.500511    1.07175    1.22298
   4.88453    1.53783    1.75851    2.31546    1.52798    1.99669    2.67458
   3.82003   0.692078    1.05001    1.12164    1.06028   0.834637   0.791651
   4.34443    1.09516    1.15159    1.78983    1.39017    1.74987    1.89556
   3.35947   -1.81706    0.78333    1.28725   -1.30884  0.0585834  -0.433601


1 0 0 0 0 
1 0 0 0 0 
1 0 0 0 0 
1 0 0 0 0 
1 0 0 0 0 
1 0 0 0 0 
1 0 0 0 0 
1 0 0 0 0 
1 0 0 0 0 
1 0 0 0 0 
0 1 0 0 0 
0 1 0 0 0 
0 1 0 0 0 
0 1 0 0 0 
0 1 0 0 0 
0 1 0 0 0 
0 1 0 0 0 
0 1 0 0 0 
0 1 0 0 0 
0 1 0 0 0 
0 0 1 0 0 
0 0 1 0 0 
0 0 1 0 0 
0 0 1 0 0 
0 0 1 0 0 
0 0 1 0 0 
0 0 1 0 0 
0 0 1 0 0 
0 0 1 0 0 
0 0 1 0 0 
0 0 0 1 0 
0 0 0 1 0 
0 0 0 1 0 
0 0 0 1 0 
0 0 0 1 0 
0 0 0 1 0 
0 0 0 1 0 
0 0 0 1 0 
0 0 0 1 0 
0 0 0 1 0 
0 0 0 0 1 
0 0 0 0 1 
0 0 0 0 1 
0 0 0 0 1 
0 0 0 0 1 
0 0 0 0 1 
0 0 0 0 1 
0 0 0 0 1 
0 0 0 0 1 
0 0 0 0 1 

