50 18 5 5 0.0021837 0.07426 10000000

255.316 0.00453102 1002.27 191.739 175.493 68.7355 29.7029 0.116338 7.43028 0.0283706 0.0742611 0.0247537 38.7074 3.12911 8.08399 0.29918 0.772927 0.0275781 
268.59 0.00432173 1002.27 170.93 184.466 68.6792 59.5307 0.221641 3.88689 0.054245 0.151111 0.0503704 36.978 2.40986 6.51702 0.392589 1.06168 0.0482982 
187.25 0.00535795 202.294 156.383 10.1486 5.41982 7.17263 0.0383051 26.0209 0.0138815 0.050786 0.0169287 40.9193 4.22914 10.3353 0.55917 1.36652 0.100102 
209.748 0.00483071 232.105 162.132 22.6334 10.7908 3.66086 0.0174536 56.5465 0.00593331 0.0187763 0.00625877 39.3985 3.5924 9.1181 0.315272 0.800212 0.0324259 
198.056 0.00539416 459.375 152.069 69.6034 35.1434 34.4215 0.173797 5.38575 0.0219889 0.108177 0.0360589 42.4884 3.28538 7.73242 0.496038 1.16747 0.0384695 
219.977 0.00466868 416.038 198.649 47.9543 21.7997 26.8683 0.122142 7.97196 0.0512065 0.143888 0.0479628 39.5185 2.21102 5.59491 0.255122 0.645577 0.0189682 
177.167 0.00587302 334.091 147.987 45.3141 25.5771 33.7391 0.190437 5.04667 0.111197 0.234234 0.0780781 40.762 2.13212 5.23065 0.396909 0.973723 0.0532722 
245.422 0.00452134 816.667 111.929 124.513 50.7344 42.4048 0.172783 5.21576 0.10474 0.25745 0.0858167 37.0404 3.14779 8.49825 0.460964 1.24449 0.0285934 
185.463 0.0054263 210 167.045 14.7983 7.97911 2.26077 0.0121899 81.5155 0.00595487 0.0116079 0.00386931 39.1866 1.32464 3.38034 0.152669 0.389596 0.0241138 
168.267 0.00596491 191.739 154.196 10.2717 6.10445 4.35248 0.0258666 38.5176 0.0103401 0.0268343 0.00894475 38.6596 2.55439 6.60739 0.243464 0.629762 0.0199933 

139.639 0.00718615 152.069 129.706 8.26976 5.92223 4.11167 0.0294449 33.8443 0.0174904 0.0357621 0.0119207 32.7493 2.11586 6.46078 0.34521 1.0541 0.0326818 
154.033 0.00794475 816.667 86.1328 145.146 94.2301 38.0509 0.247031 3.30792 0.0386265 0.11588 0.0386265 33.7825 1.78468 5.28285 0.32416 0.959551 0.0400097 
198.233 0.00710506 1102.5 106.522 241.945 122.051 145.223 0.732586 0.969162 0.0525725 0.277905 0.092635 29.5983 3.0508 10.3074 0.415823 1.40489 0.0753397 
149.161 0.00886848 816.667 93.038 157.219 105.402 101.385 0.679702 1.11218 0.164344 0.504276 0.168092 31.4544 3.31341 10.534 0.43365 1.37866 0.0743537 
250.969 0.00748947 1102.5 103.037 327.853 130.635 224.925 0.896229 0.593623 0.224291 0.479383 0.159794 30.7554 3.40726 11.0786 0.547307 1.77955 0.0490256 
118.362 0.00890023 262.5 99.7738 37.9556 32.0674 24.3079 0.205369 4.62224 0.100382 0.220564 0.0735214 27.4043 1.81092 6.60815 0.284641 1.03867 0.0433638 
279.731 0.00712134 1102.5 81.9703 320.15 114.449 299.968 1.07234 0.468127 0.263942 0.897943 0.299314 27.9182 3.55377 12.7292 0.760199 2.72295 0.0927354 
257.882 0.00775888 1102.5 98.8789 331.681 128.617 256.857 0.996024 0.501776 0.255869 0.559377 0.186459 27.304 2.17218 7.95553 0.745861 2.73169 0.0359097 
109.435 0.00929057 150 86.4706 14.5547 13.2999 8.67128 0.0792371 12.4129 0.0466667 0.12285 0.0409499 27.6112 4.01325 14.5348 0.857652 3.10617 0.155624 
481.735 0.00620181 1102.5 86.1328 455.499 94.554 345.314 0.716813 0.466947 0.479525 0.998903 0.332968 28.9285 4.2938 14.8428 0.538935 1.86299 0.136511 

170.177 0.00717425 1002.27 80.7692 167.011 98.1396 72.9028 0.428394 1.91196 0.0821785 0.175156 0.0583853 48.322 1.13601 2.35092 0.127901 0.264685 0.0172959 
285.978 0.00592867 918.75 129.706 292.006 102.108 335.591 1.17349 0.502611 0.374826 1.27577 0.425256 47.9073 1.6688 3.48339 0.195261 0.407581 0.032864 
306.892 0.00574074 1002.27 125.284 310.272 101.101 278.224 0.906584 0.626092 0.295221 0.700221 0.233407 48.1557 1.39425 2.89529 0.162969 0.338421 0.0265527 
142.497 0.00703231 151.027 132.036 6.42423 4.50834 2.27155 0.015941 62.6009 0.0113933 0.0175045 0.00583482 48.9571 0.910088 1.85895 0.113516 0.231869 0.00778639 
283.402 0.00598186 1002.27 119.837 294.839 104.035 180.404 0.636564 0.926655 0.224587 0.500108 0.166703 47.2257 1.05086 2.22519 0.130566 0.276472 0.0131469 
200.65 0.00698762 1002.27 117.287 231.478 115.364 74.4425 0.371007 1.92243 0.0279803 0.105024 0.0350081 47.7918 3.9666 8.29975 0.256563 0.536834 0.0173281 
202.261 0.0062585 787.5 143.182 176.484 87.2552 60.0397 0.296842 2.66128 0.0355072 0.107246 0.0357488 48.4648 0.95862 1.97797 0.146562 0.30241 0.00438398 
152.267 0.00701058 334.091 129.706 55.0064 36.1249 19.9768 0.131196 7.14035 0.021186 0.0769811 0.0256604 45.0403 0.587684 1.30479 0.10432 0.231613 0.00842247 
202.182 0.00758503 1002.27 84.1603 243.529 120.45 106.599 0.527243 1.23677 0.135277 0.384454 0.128151 48.5705 2.12568 4.37649 0.208115 0.42848 0.0384501 
365.645 0.00529316 1002.27 93.8298 348.285 95.2521 366.132 1.00133 0.515996 0.376475 1.09884 0.366279 49.1858 0.89939 1.82856 0.105612 0.214721 0.0088953 

257.286 0.00460675 1002.27 101.613 178.153 69.2433 62.2993 0.24214 3.48435 0.146881 0.348034 0.116011 35.3625 2.75807 7.79942 0.675713 1.91082 0.0831121 
358.545 0.00374562 1002.27 200.455 258.874 72.2013 70.6364 0.197009 3.77962 0.0371308 0.105338 0.0351128 36.0816 2.98748 8.27979 0.286481 0.793981 0.0258015 
317.502 0.0038282 1050 190.086 209.12 65.8641 89.3269 0.281342 2.92431 0.0836376 0.187326 0.0624419 33.4669 2.23814 6.68761 0.276771 0.826999 0.0283732 
270.6 0.00457143 918.75 179.268 192.633 71.1874 78.9157 0.291632 2.77194 0.0420274 0.140415 0.046805 37.7794 4.57567 12.1116 0.718256 1.90119 0.0836741 
303.541 0.00465306 1102.5 94.6352 248.27 81.7914 184.376 0.607416 1.16562 0.182527 0.435598 0.145199 37.8393 2.09073 5.52528 0.369391 0.976211 0.0450972 
315.787 0.00400713 882 200.455 219.996 69.6658 150.712 0.477258 1.65584 0.0378011 0.26408 0.0880266 37.9283 3.36245 8.86528 0.626314 1.65131 0.102941 
310.013 0.00414512 918.75 183.75 214.757 69.2736 133.449 0.430465 1.80778 0.201512 0.370308 0.123436 37.4118 2.91959 7.80393 0.626058 1.67342 0.0770913 
324.499 0.00365403 816.667 222.727 177.168 54.5976 90.174 0.277887 3.03491 0.0640426 0.231678 0.0772262 33.2107 3.04945 9.18212 0.62321 1.87653 0.0343236 
295.107 0.0047808 1050 86.4706 260.888 88.4047 92.5885 0.313746 2.25914 0.108237 0.396263 0.132088 36.4774 3.1619 8.66812 0.494282 1.35504 0.0457956 
298.442 0.0046901 882 111.364 237.313 79.5171 244.583 0.819531 0.871751 0.175262 0.875101 0.2917 39.1758 4.37712 11.173 0.80961 2.06661 0.0193744 

324.984 0.00535021 1002.27 83.2075 281.455 86.6057 292.773 0.900882 0.638408 0.46192 1.33705 0.445685 43.3427 3.28553 7.58034 0.341281 0.787402 0.0435359 
405.79 0.00603822 1002.27 86.1328 391.381 96.4493 431.005 1.06214 0.384245 0.76309 1.59165 0.53055 50.1485 2.23081 4.44841 0.191389 0.381645 0.0334744 
424.067 0.0053458 1102.5 98 387.594 91.3994 441.986 1.04226 0.423232 0.419795 1.25375 0.417916 42.8524 2.64837 6.18022 0.222726 0.519753 0.022304 
494.627 0.0049757 1002.27 88.9113 417.046 84.3153 368.151 0.7443 0.545908 0.598775 1.44154 0.480514 42.9621 5.08802 11.843 0.488329 1.13665 0.0185988 
366.116 0.00558277 1002.27 83.8403 335.442 91.6216 219.564 0.59971 0.815812 0.49472 0.95683 0.318943 48.1522 1.90115 3.94822 0.313852 0.651792 0.0281846 
417.3 0.00439909 1002.27 109.158 350.841 84.0741 192.687 0.461748 1.17973 0.545876 1.32268 0.440893 49.2485 2.61689 5.31365 0.358848 0.728646 0.0774045 
533.415 0.00431251 1002.27 101.613 409.719 76.8104 524.241 0.982801 0.442322 0.527916 2.32409 0.774697 43.7119 2.58224 5.9074 0.605115 1.38433 0.0887839 
590.327 0.00380952 1002.27 86.1328 359.682 60.9292 418.408 0.708773 0.627378 0.802381 1.6119 0.537302 45.2194 3.68535 8.14994 0.330825 0.731599 0.0400685 
540.868 0.00324717 1002.27 107.561 311.789 57.646 453.948 0.839295 0.678405 0.642458 2.28406 0.761352 46.6734 3.0601 6.55641 0.403268 0.864023 0.0848805 
439.665 0.00518214 1002.27 104.502 344.502 78.3556 394.439 0.897136 0.489228 0.598486 1.67979 0.559929 44.2742 1.19916 2.70849 0.177612 0.401163 0.0110389 


1 0 0 0 0 
1 0 0 0 0 
1 0 0 0 0 
1 0 0 0 0 
1 0 0 0 0 
1 0 0 0 0 
1 0 0 0 0 
1 0 0 0 0 
1 0 0 0 0 
1 0 0 0 0 

0 1 0 0 0 
0 1 0 0 0 
0 1 0 0 0 
0 1 0 0 0 
0 1 0 0 0
0 1 0 0 0 
0 1 0 0 0 
0 1 0 0 0 
0 1 0 0 0 
0 1 0 0 0  

0 0 1 0 0 
0 0 1 0 0 
0 0 1 0 0 
0 0 1 0 0 
0 0 1 0 0 
0 0 1 0 0 
0 0 1 0 0 
0 0 1 0 0 
0 0 1 0 0 
0 0 1 0 0 

0 0 0 1 0 
0 0 0 1 0 
0 0 0 1 0 
0 0 0 1 0 
0 0 0 1 0 
0 0 0 1 0 
0 0 0 1 0 
0 0 0 1 0 
0 0 0 1 0 
0 0 0 1 0 

0 0 0 0 1 
0 0 0 0 1 
0 0 0 0 1 
0 0 0 0 1 
0 0 0 0 1 
0 0 0 0 1 
0 0 0 0 1 
0 0 0 0 1 
0 0 0 0 1 
0 0 0 0 1 

