255.316 0.00453102 1002.27 191.739 175.493 68.7355 29.7029 0.116338 7.43028 0.0283706 0.0742611 0.0247537 38.7074 3.12911 8.08399 0.29918 0.772927 0.0275781 
268.59 0.00432173 1002.27 170.93 184.466 68.6792 59.5307 0.221641 3.88689 0.054245 0.151111 0.0503704 36.978 2.40986 6.51702 0.392589 1.06168 0.0482982 
187.25 0.00535795 202.294 156.383 10.1486 5.41982 7.17263 0.0383051 26.0209 0.0138815 0.050786 0.0169287 40.9193 4.22914 10.3353 0.55917 1.36652 0.100102 
209.748 0.00483071 232.105 162.132 22.6334 10.7908 3.66086 0.0174536 56.5465 0.00593331 0.0187763 0.00625877 39.3985 3.5924 9.1181 0.315272 0.800212 0.0324259 
198.056 0.00539416 459.375 152.069 69.6034 35.1434 34.4215 0.173797 5.38575 0.0219889 0.108177 0.0360589 42.4884 3.28538 7.73242 0.496038 1.16747 0.0384695 
219.977 0.00466868 416.038 198.649 47.9543 21.7997 26.8683 0.122142 7.97196 0.0512065 0.143888 0.0479628 39.5185 2.21102 5.59491 0.255122 0.645577 0.0189682 
177.167 0.00587302 334.091 147.987 45.3141 25.5771 33.7391 0.190437 5.04667 0.111197 0.234234 0.0780781 40.762 2.13212 5.23065 0.396909 0.973723 0.0532722 
245.422 0.00452134 816.667 111.929 124.513 50.7344 42.4048 0.172783 5.21576 0.10474 0.25745 0.0858167 37.0404 3.14779 8.49825 0.460964 1.24449 0.0285934 
185.463 0.0054263 210 167.045 14.7983 7.97911 2.26077 0.0121899 81.5155 0.00595487 0.0116079 0.00386931 39.1866 1.32464 3.38034 0.152669 0.389596 0.0241138 
168.267 0.00596491 191.739 154.196 10.2717 6.10445 4.35248 0.0258666 38.5176 0.0103401 0.0268343 0.00894475 38.6596 2.55439 6.60739 0.243464 0.629762 0.0199933 
243.172 0.00515117 848.077 102.558 184.317 75.7968 129.172 0.531196 1.50288 0.0336757 0.329274 0.109758 36.9211 4.91673 13.3168 0.559992 1.51673 0.0220417 
217.627 0.00496732 882 180.738 116.311 53.4449 23.9617 0.110104 8.40155 0.0132689 0.0450792 0.0150264 39.9338 1.78488 4.4696 0.216358 0.541793 0.0259095 
240.29 0.00539683 1102.5 114.249 226.548 94.2813 148.892 0.619636 1.24449 0.128011 0.430372 0.143457 39.4482 1.76138 4.46506 0.286277 0.725704 0.0285012 
187.176 0.00536384 202.294 170.93 11.8239 6.31701 7.40902 0.0395831 25.163 0.0241572 0.0497908 0.0165969 37.499 3.31999 8.85356 0.647186 1.72588 0.0741252 
264.375 0.00455957 958.696 190.086 200.648 75.8953 131.604 0.497793 1.66651 0.166216 0.3427 0.114233 37.4609 2.61386 6.97759 0.552239 1.47418 0.102168 
233.035 0.00494808 848.077 120.492 147.877 63.4573 57.8058 0.248057 3.49616 0.0606142 0.20164 0.0672134 38.7732 4.26256 10.9936 0.530826 1.36905 0.0449344 
228.284 0.00472109 512.791 117.914 76.8457 33.6623 49.1929 0.21549 4.30581 0.095027 0.244271 0.0814235 39.6027 4.05895 10.2492 0.400583 1.0115 0.055312 
182.148 0.00554098 272.222 163.333 19.9191 10.9357 12.0305 0.0660477 15.0014 0.0403099 0.0938097 0.0312699 38.758 2.23397 5.7639 0.292968 0.755891 0.0355689 
249.614 0.00524457 1002.27 145.066 218.873 87.6843 169.891 0.680612 1.12233 0.23832 0.563517 0.187839 41.7479 2.58738 6.19763 0.223871 0.536244 0.0202618 
191.436 0.005345 319.565 172.266 36.1942 18.9067 25.7191 0.134348 7.27441 0.0663515 0.182424 0.0608081 39.327 1.59745 4.06198 0.173669 0.441603 0.0256085 
