139.639 0.00718615 152.069 129.706 8.26976 5.92223 4.11167 0.0294449 33.8443 0.0174904 0.0357621 0.0119207 32.7493 2.11586 6.46078 0.34521 1.0541 0.0326818 
154.033 0.00794475 816.667 86.1328 145.146 94.2301 38.0509 0.247031 3.30792 0.0386265 0.11588 0.0386265 33.7825 1.78468 5.28285 0.32416 0.959551 0.0400097 
198.233 0.00710506 1102.5 106.522 241.945 122.051 145.223 0.732586 0.969162 0.0525725 0.277905 0.092635 29.5983 3.0508 10.3074 0.415823 1.40489 0.0753397 
149.161 0.00886848 816.667 93.038 157.219 105.402 101.385 0.679702 1.11218 0.164344 0.504276 0.168092 31.4544 3.31341 10.534 0.43365 1.37866 0.0743537 
250.969 0.00748947 1102.5 103.037 327.853 130.635 224.925 0.896229 0.593623 0.224291 0.479383 0.159794 30.7554 3.40726 11.0786 0.547307 1.77955 0.0490256 
118.362 0.00890023 262.5 99.7738 37.9556 32.0674 24.3079 0.205369 4.62224 0.100382 0.220564 0.0735214 27.4043 1.81092 6.60815 0.284641 1.03867 0.0433638 
279.731 0.00712134 1102.5 81.9703 320.15 114.449 299.968 1.07234 0.468127 0.263942 0.897943 0.299314 27.9182 3.55377 12.7292 0.760199 2.72295 0.0927354 
257.882 0.00775888 1102.5 98.8789 331.681 128.617 256.857 0.996024 0.501776 0.255869 0.559377 0.186459 27.304 2.17218 7.95553 0.745861 2.73169 0.0359097 
109.435 0.00929057 150 86.4706 14.5547 13.2999 8.67128 0.0792371 12.4129 0.0466667 0.12285 0.0409499 27.6112 4.01325 14.5348 0.857652 3.10617 0.155624 
481.735 0.00620181 1102.5 86.1328 455.499 94.554 345.314 0.716813 0.466947 0.479525 0.998903 0.332968 28.9285 4.2938 14.8428 0.538935 1.86299 0.136511 
192.309 0.00763794 848.077 97.5664 204.49 106.334 90.8523 0.472429 1.44108 0.110143 0.244038 0.0813459 28.7592 4.68133 16.2777 1.05573 3.67093 0.0928405 
110.899 0.00921047 153.125 84.1603 16.8046 15.153 13.0734 0.117885 8.30482 0.071889 0.221029 0.0736762 30.2843 3.03653 10.0268 0.659723 2.17843 0.0307916 
141.781 0.00920454 1002.27 80.7692 175.954 124.103 83.7059 0.590389 1.2979 0.10375 0.340397 0.113466 28.0614 3.45421 12.3095 0.76088 2.71148 0.0822824 
231.546 0.00834055 816.667 90 275.953 119.178 147.722 0.637984 0.811631 0.187826 0.403581 0.134527 30.1131 2.95355 9.80818 0.584091 1.93966 0.0135786 
